Sample	0	1	2	3	4	5	6	7	8	9	10	11	12	13	14	15	16	17	18	19	20	21	22	23	24	25	26	27	28	29	30	31	32	33	34	35	36	37	38	39	40	41	42	43	44	45	46	47	48	49	50	51	52	53	54	55	56	57	58	59	60	61	62	63	64	65	66	67	68	69	70	71	72	73	74	75	76	77	78	79	80	81	82	83	84	85	86	87	88	89	90	91	92	93	94	95	96	97	98	99	100
SC3_v3_NextGem_DI_CRISPR_A549_5K_crispr_S4_L001_I1_001	(0.0, 0.0)	(1.0, 0.0)	(2.0, 0.0)	(3.0, 0.0)	(4.0, 0.0)	(5.0, 0.0)	(6.0, 0.0)	(7.0, 0.0)	(8.0, 0.0)	(9.0, 0.0)	(10.0, 0.0)	(11.0, 0.0)	(12.0, 0.0)	(13.0, 0.0)	(14.0, 0.0)	(15.0, 0.0)	(16.0, 0.0)	(17.0, 0.0)	(18.0, 0.0)	(19.0, 0.0)	(20.0, 0.0)	(21.0, 0.0)	(22.0, 0.0)	(23.0, 0.0)	(24.0, 0.0)	(25.0, 0.0)	(26.0, 0.0)	(27.0, 0.0)	(28.0, 0.0)	(29.0, 0.0)	(30.0, 0.0)	(31.0, 0.0)	(32.0, 0.0)	(33.0, 0.0)	(34.0, 0.0)	(35.0, 3851.5)	(36.0, 7703.0)	(37.0, 7703.0)	(38.0, 7703.0)	(39.0, 7703.0)	(40.0, 7703.0)	(41.0, 7703.0)	(42.0, 7703.0)	(43.0, 7703.0)	(44.0, 7703.0)	(45.0, 452435.0)	(46.0, 897167.0)	(47.0, 897167.0)	(48.0, 897167.0)	(49.0, 897167.0)	(50.0, 897167.0)	(51.0, 897167.0)	(52.0, 897167.0)	(53.0, 897167.0)	(54.0, 897167.0)	(55.0, 451310.0)	(56.0, 5453.0)	(57.0, 5453.0)	(58.0, 5453.0)	(59.0, 5453.0)	(60.0, 5453.0)	(61.0, 5453.0)	(62.0, 5453.0)	(63.0, 5453.0)	(64.0, 5453.0)	(65.0, 2726.5)	(66.0, 0.0)	(67.0, 0.0)	(68.0, 0.0)	(69.0, 0.0)	(70.0, 0.0)	(71.0, 0.0)	(72.0, 0.0)	(73.0, 0.0)	(74.0, 0.0)	(75.0, 0.0)	(76.0, 0.0)	(77.0, 0.0)	(78.0, 0.0)	(79.0, 0.0)	(80.0, 0.0)	(81.0, 0.0)	(82.0, 0.0)	(83.0, 0.0)	(84.0, 0.0)	(85.0, 0.0)	(86.0, 0.0)	(87.0, 0.0)	(88.0, 0.0)	(89.0, 0.0)	(90.0, 0.0)	(91.0, 0.0)	(92.0, 0.0)	(93.0, 0.0)	(94.0, 0.0)	(95.0, 0.0)	(96.0, 0.0)	(97.0, 0.0)	(98.0, 0.0)	(99.0, 0.0)	(100.0, 0.0)
SC3_v3_NextGem_DI_CRISPR_A549_5K_crispr_S4_L001_I2_001	(0.0, 0.0)	(1.0, 0.0)	(2.0, 0.0)	(3.0, 0.0)	(4.0, 0.0)	(5.0, 0.0)	(6.0, 0.0)	(7.0, 0.0)	(8.0, 0.0)	(9.0, 0.0)	(10.0, 0.0)	(11.0, 0.0)	(12.0, 0.0)	(13.0, 0.0)	(14.0, 0.0)	(15.0, 0.0)	(16.0, 0.0)	(17.0, 0.0)	(18.0, 0.0)	(19.0, 0.0)	(20.0, 0.0)	(21.0, 0.0)	(22.0, 0.0)	(23.0, 0.0)	(24.0, 0.0)	(25.0, 0.0)	(26.0, 0.0)	(27.0, 0.0)	(28.0, 0.0)	(29.0, 0.0)	(30.0, 0.0)	(31.0, 0.0)	(32.0, 0.0)	(33.0, 0.0)	(34.0, 0.0)	(35.0, 5278.5)	(36.0, 10557.0)	(37.0, 10557.0)	(38.0, 10557.0)	(39.0, 10557.0)	(40.0, 10557.0)	(41.0, 10557.0)	(42.0, 10557.0)	(43.0, 10557.0)	(44.0, 10557.0)	(45.0, 453422.0)	(46.0, 896287.0)	(47.0, 896287.0)	(48.0, 896287.0)	(49.0, 896287.0)	(50.0, 896287.0)	(51.0, 896287.0)	(52.0, 896287.0)	(53.0, 896287.0)	(54.0, 896287.0)	(55.0, 449883.0)	(56.0, 3479.0)	(57.0, 3479.0)	(58.0, 3479.0)	(59.0, 3479.0)	(60.0, 3479.0)	(61.0, 3479.0)	(62.0, 3479.0)	(63.0, 3479.0)	(64.0, 3479.0)	(65.0, 1739.5)	(66.0, 0.0)	(67.0, 0.0)	(68.0, 0.0)	(69.0, 0.0)	(70.0, 0.0)	(71.0, 0.0)	(72.0, 0.0)	(73.0, 0.0)	(74.0, 0.0)	(75.0, 0.0)	(76.0, 0.0)	(77.0, 0.0)	(78.0, 0.0)	(79.0, 0.0)	(80.0, 0.0)	(81.0, 0.0)	(82.0, 0.0)	(83.0, 0.0)	(84.0, 0.0)	(85.0, 0.0)	(86.0, 0.0)	(87.0, 0.0)	(88.0, 0.0)	(89.0, 0.0)	(90.0, 0.0)	(91.0, 0.0)	(92.0, 0.0)	(93.0, 0.0)	(94.0, 0.0)	(95.0, 0.0)	(96.0, 0.0)	(97.0, 0.0)	(98.0, 0.0)	(99.0, 0.0)	(100.0, 0.0)
SC3_v3_NextGem_DI_CRISPR_A549_5K_crispr_S4_L001_R1_001	(0.0, 1.0)	(1.0, 1.0)	(2.0, 3.5)	(3.0, 6.0)	(4.0, 6.0)	(5.0, 10.0)	(6.0, 14.0)	(7.0, 14.0)	(8.0, 14.0)	(9.0, 39.0)	(10.0, 64.0)	(11.0, 64.0)	(12.0, 64.0)	(13.0, 93.5)	(14.0, 123.0)	(15.0, 123.0)	(16.0, 170.5)	(17.0, 218.0)	(18.0, 218.0)	(19.0, 218.0)	(20.0, 513.0)	(21.0, 808.0)	(22.0, 808.0)	(23.0, 2214.0)	(24.0, 3620.0)	(25.0, 3620.0)	(26.0, 3620.0)	(27.0, 8141.5)	(28.0, 12663.0)	(29.0, 12663.0)	(30.0, 23139.5)	(31.0, 33616.0)	(32.0, 33616.0)	(33.0, 33616.0)	(34.0, 50609.0)	(35.0, 67602.0)	(36.0, 67602.0)	(37.0, 67602.0)	(38.0, 89304.5)	(39.0, 111007.0)	(40.0, 111007.0)	(41.0, 128559.0)	(42.0, 146111.0)	(43.0, 146111.0)	(44.0, 146111.0)	(45.0, 152921.5)	(46.0, 159732.0)	(47.0, 159732.0)	(48.0, 151693.5)	(49.0, 143655.0)	(50.0, 143655.0)	(51.0, 143655.0)	(52.0, 125253.5)	(53.0, 106852.0)	(54.0, 106852.0)	(55.0, 86647.5)	(56.0, 66443.0)	(57.0, 66443.0)	(58.0, 66443.0)	(59.0, 50231.5)	(60.0, 34020.0)	(61.0, 34020.0)	(62.0, 34020.0)	(63.0, 24197.5)	(64.0, 14375.0)	(65.0, 14375.0)	(66.0, 9935.0)	(67.0, 5495.0)	(68.0, 5495.0)	(69.0, 5495.0)	(70.0, 4234.0)	(71.0, 2973.0)	(72.0, 2973.0)	(73.0, 1747.0)	(74.0, 521.0)	(75.0, 521.0)	(76.0, 521.0)	(77.0, 352.5)	(78.0, 184.0)	(79.0, 184.0)	(80.0, 163.0)	(81.0, 142.0)	(82.0, 142.0)	(83.0, 142.0)	(84.0, 101.0)	(85.0, 60.0)	(86.0, 60.0)	(87.0, 60.0)	(88.0, 38.0)	(89.0, 16.0)	(90.0, 16.0)	(91.0, 9.0)	(92.0, 2.0)	(93.0, 2.0)	(94.0, 2.0)	(95.0, 1.0)	(96.0, 0.0)	(97.0, 0.0)	(98.0, 0.0)	(99.0, 0.0)	(100.0, 0.0)
SC3_v3_NextGem_DI_CRISPR_A549_5K_crispr_S4_L001_R2_001	(0.0, 2.0)	(1.0, 1.5)	(2.0, 0.5)	(3.0, 0.5)	(4.0, 1.5)	(5.0, 4.0)	(6.0, 5.5)	(7.0, 3.0)	(8.0, 4.5)	(9.0, 6.5)	(10.0, 5.0)	(11.0, 5.0)	(12.0, 12.0)	(13.0, 18.5)	(14.0, 17.5)	(15.0, 24.5)	(16.0, 39.0)	(17.0, 51.0)	(18.0, 67.5)	(19.0, 97.0)	(20.0, 115.0)	(21.0, 158.5)	(22.0, 258.0)	(23.0, 353.0)	(24.0, 423.5)	(25.0, 483.0)	(26.0, 596.5)	(27.0, 743.0)	(28.0, 878.0)	(29.0, 1002.0)	(30.0, 1052.0)	(31.0, 1201.5)	(32.0, 1478.0)	(33.0, 1680.0)	(34.0, 1837.0)	(35.0, 1931.0)	(36.0, 2136.5)	(37.0, 2766.0)	(38.0, 3890.0)	(39.0, 5094.5)	(40.0, 5611.0)	(41.0, 7578.0)	(42.0, 23472.5)	(43.0, 47900.5)	(44.0, 75949.0)	(45.0, 92506.5)	(46.0, 80959.5)	(47.0, 112315.5)	(48.0, 155483.5)	(49.0, 136969.0)	(50.0, 117199.0)	(51.0, 69516.0)	(52.0, 16180.5)	(53.0, 10506.0)	(54.0, 9522.5)	(55.0, 8156.5)	(56.0, 6699.0)	(57.0, 4638.0)	(58.0, 3438.0)	(59.0, 2889.5)	(60.0, 2533.0)	(61.0, 2343.0)	(62.0, 2012.0)	(63.0, 1910.5)	(64.0, 1989.5)	(65.0, 2111.5)	(66.0, 1654.5)	(67.0, 1281.5)	(68.0, 1104.5)	(69.0, 713.5)	(70.0, 666.0)	(71.0, 624.5)	(72.0, 560.0)	(73.0, 428.0)	(74.0, 261.5)	(75.0, 186.0)	(76.0, 131.5)	(77.0, 91.5)	(78.0, 73.5)	(79.0, 41.0)	(80.0, 23.0)	(81.0, 18.0)	(82.0, 11.5)	(83.0, 9.0)	(84.0, 8.0)	(85.0, 7.5)	(86.0, 7.0)	(87.0, 8.0)	(88.0, 6.5)	(89.0, 5.5)	(90.0, 7.0)	(91.0, 7.5)	(92.0, 7.0)	(93.0, 7.5)	(94.0, 9.5)	(95.0, 13.0)	(96.0, 21.0)	(97.0, 23.0)	(98.0, 38.5)	(99.0, 337.5)	(100.0, 618.0)
SC3_v3_NextGem_DI_CRISPR_A549_5K_crispr_S4_L002_I1_001	(0.0, 0.0)	(1.0, 0.0)	(2.0, 0.0)	(3.0, 0.0)	(4.0, 0.0)	(5.0, 0.0)	(6.0, 0.0)	(7.0, 0.0)	(8.0, 0.0)	(9.0, 0.0)	(10.0, 0.0)	(11.0, 0.0)	(12.0, 0.0)	(13.0, 0.0)	(14.0, 0.0)	(15.0, 0.0)	(16.0, 0.0)	(17.0, 0.0)	(18.0, 0.0)	(19.0, 0.0)	(20.0, 0.0)	(21.0, 0.0)	(22.0, 0.0)	(23.0, 0.0)	(24.0, 0.0)	(25.0, 0.0)	(26.0, 0.0)	(27.0, 0.0)	(28.0, 0.0)	(29.0, 0.0)	(30.0, 0.0)	(31.0, 0.0)	(32.0, 0.0)	(33.0, 0.0)	(34.0, 0.0)	(35.0, 3668.5)	(36.0, 7337.0)	(37.0, 7337.0)	(38.0, 7337.0)	(39.0, 7337.0)	(40.0, 7337.0)	(41.0, 7337.0)	(42.0, 7337.0)	(43.0, 7337.0)	(44.0, 7337.0)	(45.0, 459527.5)	(46.0, 911718.0)	(47.0, 911718.0)	(48.0, 911718.0)	(49.0, 911718.0)	(50.0, 911718.0)	(51.0, 911718.0)	(52.0, 911718.0)	(53.0, 911718.0)	(54.0, 911718.0)	(55.0, 458371.0)	(56.0, 5024.0)	(57.0, 5024.0)	(58.0, 5024.0)	(59.0, 5024.0)	(60.0, 5024.0)	(61.0, 5024.0)	(62.0, 5024.0)	(63.0, 5024.0)	(64.0, 5024.0)	(65.0, 2512.0)	(66.0, 0.0)	(67.0, 0.0)	(68.0, 0.0)	(69.0, 0.0)	(70.0, 0.0)	(71.0, 0.0)	(72.0, 0.0)	(73.0, 0.0)	(74.0, 0.0)	(75.0, 0.0)	(76.0, 0.0)	(77.0, 0.0)	(78.0, 0.0)	(79.0, 0.0)	(80.0, 0.0)	(81.0, 0.0)	(82.0, 0.0)	(83.0, 0.0)	(84.0, 0.0)	(85.0, 0.0)	(86.0, 0.0)	(87.0, 0.0)	(88.0, 0.0)	(89.0, 0.0)	(90.0, 0.0)	(91.0, 0.0)	(92.0, 0.0)	(93.0, 0.0)	(94.0, 0.0)	(95.0, 0.0)	(96.0, 0.0)	(97.0, 0.0)	(98.0, 0.0)	(99.0, 0.0)	(100.0, 0.0)
SC3_v3_NextGem_DI_CRISPR_A549_5K_crispr_S4_L002_I2_001	(0.0, 0.0)	(1.0, 0.0)	(2.0, 0.0)	(3.0, 0.0)	(4.0, 0.0)	(5.0, 0.0)	(6.0, 0.0)	(7.0, 0.0)	(8.0, 0.0)	(9.0, 0.0)	(10.0, 0.0)	(11.0, 0.0)	(12.0, 0.0)	(13.0, 0.0)	(14.0, 0.0)	(15.0, 0.0)	(16.0, 0.0)	(17.0, 0.0)	(18.0, 0.0)	(19.0, 0.0)	(20.0, 0.0)	(21.0, 0.0)	(22.0, 0.0)	(23.0, 0.0)	(24.0, 0.0)	(25.0, 0.0)	(26.0, 0.0)	(27.0, 0.0)	(28.0, 0.0)	(29.0, 0.0)	(30.0, 0.0)	(31.0, 0.0)	(32.0, 0.0)	(33.0, 0.0)	(34.0, 0.0)	(35.0, 5020.5)	(36.0, 10041.0)	(37.0, 10041.0)	(38.0, 10041.0)	(39.0, 10041.0)	(40.0, 10041.0)	(41.0, 10041.0)	(42.0, 10041.0)	(43.0, 10041.0)	(44.0, 10041.0)	(45.0, 460201.0)	(46.0, 910361.0)	(47.0, 910361.0)	(48.0, 910361.0)	(49.0, 910361.0)	(50.0, 910361.0)	(51.0, 910361.0)	(52.0, 910361.0)	(53.0, 910361.0)	(54.0, 910361.0)	(55.0, 457019.0)	(56.0, 3677.0)	(57.0, 3677.0)	(58.0, 3677.0)	(59.0, 3677.0)	(60.0, 3677.0)	(61.0, 3677.0)	(62.0, 3677.0)	(63.0, 3677.0)	(64.0, 3677.0)	(65.0, 1838.5)	(66.0, 0.0)	(67.0, 0.0)	(68.0, 0.0)	(69.0, 0.0)	(70.0, 0.0)	(71.0, 0.0)	(72.0, 0.0)	(73.0, 0.0)	(74.0, 0.0)	(75.0, 0.0)	(76.0, 0.0)	(77.0, 0.0)	(78.0, 0.0)	(79.0, 0.0)	(80.0, 0.0)	(81.0, 0.0)	(82.0, 0.0)	(83.0, 0.0)	(84.0, 0.0)	(85.0, 0.0)	(86.0, 0.0)	(87.0, 0.0)	(88.0, 0.0)	(89.0, 0.0)	(90.0, 0.0)	(91.0, 0.0)	(92.0, 0.0)	(93.0, 0.0)	(94.0, 0.0)	(95.0, 0.0)	(96.0, 0.0)	(97.0, 0.0)	(98.0, 0.0)	(99.0, 0.0)	(100.0, 0.0)
SC3_v3_NextGem_DI_CRISPR_A549_5K_crispr_S4_L002_R1_001	(0.0, 1.0)	(1.0, 1.0)	(2.0, 1.5)	(3.0, 2.0)	(4.0, 2.0)	(5.0, 12.5)	(6.0, 23.0)	(7.0, 23.0)	(8.0, 23.0)	(9.0, 41.0)	(10.0, 59.0)	(11.0, 59.0)	(12.0, 59.0)	(13.0, 84.5)	(14.0, 110.0)	(15.0, 110.0)	(16.0, 171.5)	(17.0, 233.0)	(18.0, 233.0)	(19.0, 233.0)	(20.0, 537.5)	(21.0, 842.0)	(22.0, 842.0)	(23.0, 2245.0)	(24.0, 3648.0)	(25.0, 3648.0)	(26.0, 3648.0)	(27.0, 8274.0)	(28.0, 12900.0)	(29.0, 12900.0)	(30.0, 23364.0)	(31.0, 33828.0)	(32.0, 33828.0)	(33.0, 33828.0)	(34.0, 51566.0)	(35.0, 69304.0)	(36.0, 69304.0)	(37.0, 69304.0)	(38.0, 90424.0)	(39.0, 111544.0)	(40.0, 111544.0)	(41.0, 130232.5)	(42.0, 148921.0)	(43.0, 148921.0)	(44.0, 148921.0)	(45.0, 155391.0)	(46.0, 161861.0)	(47.0, 161861.0)	(48.0, 153573.5)	(49.0, 145286.0)	(50.0, 145286.0)	(51.0, 145286.0)	(52.0, 126959.0)	(53.0, 108632.0)	(54.0, 108632.0)	(55.0, 88194.0)	(56.0, 67756.0)	(57.0, 67756.0)	(58.0, 67756.0)	(59.0, 51240.0)	(60.0, 34724.0)	(61.0, 34724.0)	(62.0, 34724.0)	(63.0, 24758.5)	(64.0, 14793.0)	(65.0, 14793.0)	(66.0, 10179.0)	(67.0, 5565.0)	(68.0, 5565.0)	(69.0, 5565.0)	(70.0, 4338.0)	(71.0, 3111.0)	(72.0, 3111.0)	(73.0, 1816.0)	(74.0, 521.0)	(75.0, 521.0)	(76.0, 521.0)	(77.0, 348.5)	(78.0, 176.0)	(79.0, 176.0)	(80.0, 163.0)	(81.0, 150.0)	(82.0, 150.0)	(83.0, 150.0)	(84.0, 107.5)	(85.0, 65.0)	(86.0, 65.0)	(87.0, 65.0)	(88.0, 41.5)	(89.0, 18.0)	(90.0, 18.0)	(91.0, 11.5)	(92.0, 5.0)	(93.0, 5.0)	(94.0, 5.0)	(95.0, 3.0)	(96.0, 1.0)	(97.0, 1.0)	(98.0, 0.5)	(99.0, 0.0)	(100.0, 0.0)
SC3_v3_NextGem_DI_CRISPR_A549_5K_crispr_S4_L002_R2_001	(0.0, 0.0)	(1.0, 1.5)	(2.0, 2.0)	(3.0, 1.0)	(4.0, 1.5)	(5.0, 3.0)	(6.0, 6.0)	(7.0, 6.0)	(8.0, 12.0)	(9.0, 14.0)	(10.0, 8.0)	(11.0, 12.5)	(12.0, 14.0)	(13.0, 15.5)	(14.0, 19.5)	(15.0, 21.5)	(16.0, 32.5)	(17.0, 48.5)	(18.0, 80.5)	(19.0, 119.0)	(20.0, 133.0)	(21.0, 176.5)	(22.0, 255.0)	(23.0, 353.0)	(24.0, 435.5)	(25.0, 518.0)	(26.0, 635.0)	(27.0, 727.0)	(28.0, 853.5)	(29.0, 1009.5)	(30.0, 1077.0)	(31.0, 1196.5)	(32.0, 1458.0)	(33.0, 1636.0)	(34.0, 1802.0)	(35.0, 1958.0)	(36.0, 2153.0)	(37.0, 2796.0)	(38.0, 3891.0)	(39.0, 5095.5)	(40.0, 5679.0)	(41.0, 7405.5)	(42.0, 23382.0)	(43.0, 48683.0)	(44.0, 77152.0)	(45.0, 93651.0)	(46.0, 82164.5)	(47.0, 114383.5)	(48.0, 158010.5)	(49.0, 138773.5)	(50.0, 118696.0)	(51.0, 70329.0)	(52.0, 16445.5)	(53.0, 10898.0)	(54.0, 9827.0)	(55.0, 8216.0)	(56.0, 6793.5)	(57.0, 4859.5)	(58.0, 3639.0)	(59.0, 3121.5)	(60.0, 2742.0)	(61.0, 2461.5)	(62.0, 2020.5)	(63.0, 1927.0)	(64.0, 2030.0)	(65.0, 2125.5)	(66.0, 1728.5)	(67.0, 1423.0)	(68.0, 1225.5)	(69.0, 744.5)	(70.0, 612.0)	(71.0, 584.0)	(72.0, 530.0)	(73.0, 420.0)	(74.0, 288.0)	(75.0, 207.5)	(76.0, 142.5)	(77.0, 104.5)	(78.0, 81.0)	(79.0, 45.5)	(80.0, 28.0)	(81.0, 24.0)	(82.0, 16.5)	(83.0, 10.5)	(84.0, 6.5)	(85.0, 6.0)	(86.0, 6.5)	(87.0, 9.5)	(88.0, 10.0)	(89.0, 11.0)	(90.0, 15.0)	(91.0, 12.0)	(92.0, 12.0)	(93.0, 11.0)	(94.0, 8.0)	(95.0, 11.5)	(96.0, 23.5)	(97.0, 32.5)	(98.0, 36.5)	(99.0, 334.5)	(100.0, 628.0)
SC3_v3_NextGem_DI_CRISPR_A549_5K_crispr_S4_L003_I1_001	(0.0, 0.0)	(1.0, 0.0)	(2.0, 0.0)	(3.0, 0.0)	(4.0, 0.0)	(5.0, 0.0)	(6.0, 0.0)	(7.0, 0.0)	(8.0, 0.0)	(9.0, 0.0)	(10.0, 0.0)	(11.0, 0.0)	(12.0, 0.0)	(13.0, 0.0)	(14.0, 0.0)	(15.0, 0.0)	(16.0, 0.0)	(17.0, 0.0)	(18.0, 0.0)	(19.0, 0.0)	(20.0, 0.0)	(21.0, 0.0)	(22.0, 0.0)	(23.0, 0.0)	(24.0, 0.0)	(25.0, 0.0)	(26.0, 0.0)	(27.0, 0.0)	(28.0, 0.0)	(29.0, 0.0)	(30.0, 0.0)	(31.0, 0.0)	(32.0, 0.0)	(33.0, 0.0)	(34.0, 0.0)	(35.0, 3719.0)	(36.0, 7438.0)	(37.0, 7438.0)	(38.0, 7438.0)	(39.0, 7438.0)	(40.0, 7438.0)	(41.0, 7438.0)	(42.0, 7438.0)	(43.0, 7438.0)	(44.0, 7438.0)	(45.0, 446784.0)	(46.0, 886130.0)	(47.0, 886130.0)	(48.0, 886130.0)	(49.0, 886130.0)	(50.0, 886130.0)	(51.0, 886130.0)	(52.0, 886130.0)	(53.0, 886130.0)	(54.0, 886130.0)	(55.0, 445587.5)	(56.0, 5045.0)	(57.0, 5045.0)	(58.0, 5045.0)	(59.0, 5045.0)	(60.0, 5045.0)	(61.0, 5045.0)	(62.0, 5045.0)	(63.0, 5045.0)	(64.0, 5045.0)	(65.0, 2522.5)	(66.0, 0.0)	(67.0, 0.0)	(68.0, 0.0)	(69.0, 0.0)	(70.0, 0.0)	(71.0, 0.0)	(72.0, 0.0)	(73.0, 0.0)	(74.0, 0.0)	(75.0, 0.0)	(76.0, 0.0)	(77.0, 0.0)	(78.0, 0.0)	(79.0, 0.0)	(80.0, 0.0)	(81.0, 0.0)	(82.0, 0.0)	(83.0, 0.0)	(84.0, 0.0)	(85.0, 0.0)	(86.0, 0.0)	(87.0, 0.0)	(88.0, 0.0)	(89.0, 0.0)	(90.0, 0.0)	(91.0, 0.0)	(92.0, 0.0)	(93.0, 0.0)	(94.0, 0.0)	(95.0, 0.0)	(96.0, 0.0)	(97.0, 0.0)	(98.0, 0.0)	(99.0, 0.0)	(100.0, 0.0)
SC3_v3_NextGem_DI_CRISPR_A549_5K_crispr_S4_L003_I2_001	(0.0, 0.0)	(1.0, 0.0)	(2.0, 0.0)	(3.0, 0.0)	(4.0, 0.0)	(5.0, 0.0)	(6.0, 0.0)	(7.0, 0.0)	(8.0, 0.0)	(9.0, 0.0)	(10.0, 0.0)	(11.0, 0.0)	(12.0, 0.0)	(13.0, 0.0)	(14.0, 0.0)	(15.0, 0.0)	(16.0, 0.0)	(17.0, 0.0)	(18.0, 0.0)	(19.0, 0.0)	(20.0, 0.0)	(21.0, 0.0)	(22.0, 0.0)	(23.0, 0.0)	(24.0, 0.0)	(25.0, 0.0)	(26.0, 0.0)	(27.0, 0.0)	(28.0, 0.0)	(29.0, 0.0)	(30.0, 0.0)	(31.0, 0.0)	(32.0, 0.0)	(33.0, 0.0)	(34.0, 0.0)	(35.0, 4805.0)	(36.0, 9610.0)	(37.0, 9610.0)	(38.0, 9610.0)	(39.0, 9610.0)	(40.0, 9610.0)	(41.0, 9610.0)	(42.0, 9610.0)	(43.0, 9610.0)	(44.0, 9610.0)	(45.0, 447843.0)	(46.0, 886076.0)	(47.0, 886076.0)	(48.0, 886076.0)	(49.0, 886076.0)	(50.0, 886076.0)	(51.0, 886076.0)	(52.0, 886076.0)	(53.0, 886076.0)	(54.0, 886076.0)	(55.0, 444501.5)	(56.0, 2927.0)	(57.0, 2927.0)	(58.0, 2927.0)	(59.0, 2927.0)	(60.0, 2927.0)	(61.0, 2927.0)	(62.0, 2927.0)	(63.0, 2927.0)	(64.0, 2927.0)	(65.0, 1463.5)	(66.0, 0.0)	(67.0, 0.0)	(68.0, 0.0)	(69.0, 0.0)	(70.0, 0.0)	(71.0, 0.0)	(72.0, 0.0)	(73.0, 0.0)	(74.0, 0.0)	(75.0, 0.0)	(76.0, 0.0)	(77.0, 0.0)	(78.0, 0.0)	(79.0, 0.0)	(80.0, 0.0)	(81.0, 0.0)	(82.0, 0.0)	(83.0, 0.0)	(84.0, 0.0)	(85.0, 0.0)	(86.0, 0.0)	(87.0, 0.0)	(88.0, 0.0)	(89.0, 0.0)	(90.0, 0.0)	(91.0, 0.0)	(92.0, 0.0)	(93.0, 0.0)	(94.0, 0.0)	(95.0, 0.0)	(96.0, 0.0)	(97.0, 0.0)	(98.0, 0.0)	(99.0, 0.0)	(100.0, 0.0)
SC3_v3_NextGem_DI_CRISPR_A549_5K_crispr_S4_L003_R1_001	(0.0, 1.0)	(1.0, 1.0)	(2.0, 2.5)	(3.0, 4.0)	(4.0, 4.0)	(5.0, 12.0)	(6.0, 20.0)	(7.0, 20.0)	(8.0, 20.0)	(9.0, 42.0)	(10.0, 64.0)	(11.0, 64.0)	(12.0, 64.0)	(13.0, 84.0)	(14.0, 104.0)	(15.0, 104.0)	(16.0, 163.5)	(17.0, 223.0)	(18.0, 223.0)	(19.0, 223.0)	(20.0, 512.0)	(21.0, 801.0)	(22.0, 801.0)	(23.0, 2173.0)	(24.0, 3545.0)	(25.0, 3545.0)	(26.0, 3545.0)	(27.0, 7869.5)	(28.0, 12194.0)	(29.0, 12194.0)	(30.0, 22580.5)	(31.0, 32967.0)	(32.0, 32967.0)	(33.0, 32967.0)	(34.0, 49960.5)	(35.0, 66954.0)	(36.0, 66954.0)	(37.0, 66954.0)	(38.0, 88018.5)	(39.0, 109083.0)	(40.0, 109083.0)	(41.0, 126727.0)	(42.0, 144371.0)	(43.0, 144371.0)	(44.0, 144371.0)	(45.0, 150818.0)	(46.0, 157265.0)	(47.0, 157265.0)	(48.0, 149762.5)	(49.0, 142260.0)	(50.0, 142260.0)	(51.0, 142260.0)	(52.0, 124303.5)	(53.0, 106347.0)	(54.0, 106347.0)	(55.0, 85881.5)	(56.0, 65416.0)	(57.0, 65416.0)	(58.0, 65416.0)	(59.0, 49535.5)	(60.0, 33655.0)	(61.0, 33655.0)	(62.0, 33655.0)	(63.0, 23901.0)	(64.0, 14147.0)	(65.0, 14147.0)	(66.0, 9751.5)	(67.0, 5356.0)	(68.0, 5356.0)	(69.0, 5356.0)	(70.0, 4165.5)	(71.0, 2975.0)	(72.0, 2975.0)	(73.0, 1742.0)	(74.0, 509.0)	(75.0, 509.0)	(76.0, 509.0)	(77.0, 321.5)	(78.0, 134.0)	(79.0, 134.0)	(80.0, 138.0)	(81.0, 142.0)	(82.0, 142.0)	(83.0, 142.0)	(84.0, 102.0)	(85.0, 62.0)	(86.0, 62.0)	(87.0, 62.0)	(88.0, 37.0)	(89.0, 12.0)	(90.0, 12.0)	(91.0, 7.0)	(92.0, 2.0)	(93.0, 2.0)	(94.0, 2.0)	(95.0, 1.0)	(96.0, 0.0)	(97.0, 0.0)	(98.0, 0.0)	(99.0, 0.0)	(100.0, 0.0)
SC3_v3_NextGem_DI_CRISPR_A549_5K_crispr_S4_L003_R2_001	(0.0, 1.0)	(1.0, 1.0)	(2.0, 2.0)	(3.0, 4.0)	(4.0, 3.5)	(5.0, 3.0)	(6.0, 4.5)	(7.0, 4.0)	(8.0, 5.0)	(9.0, 8.5)	(10.0, 10.0)	(11.0, 7.5)	(12.0, 8.0)	(13.0, 15.0)	(14.0, 17.5)	(15.0, 22.0)	(16.0, 39.0)	(17.0, 45.5)	(18.0, 64.0)	(19.0, 116.0)	(20.0, 145.0)	(21.0, 173.5)	(22.0, 264.0)	(23.0, 370.0)	(24.0, 435.0)	(25.0, 502.5)	(26.0, 622.0)	(27.0, 742.0)	(28.0, 822.5)	(29.0, 981.0)	(30.0, 1106.0)	(31.0, 1186.5)	(32.0, 1391.5)	(33.0, 1603.5)	(34.0, 1758.5)	(35.0, 1901.5)	(36.0, 2066.0)	(37.0, 2653.5)	(38.0, 3787.0)	(39.0, 4926.5)	(40.0, 5431.0)	(41.0, 7207.5)	(42.0, 22662.0)	(43.0, 47080.5)	(44.0, 75053.5)	(45.0, 91066.0)	(46.0, 79697.0)	(47.0, 111148.5)	(48.0, 153908.0)	(49.0, 135361.0)	(50.0, 115655.0)	(51.0, 68514.5)	(52.0, 15986.5)	(53.0, 10690.0)	(54.0, 9620.0)	(55.0, 8020.0)	(56.0, 6648.0)	(57.0, 4659.5)	(58.0, 3487.0)	(59.0, 2978.0)	(60.0, 2586.0)	(61.0, 2370.0)	(62.0, 1993.5)	(63.0, 1850.0)	(64.0, 1937.0)	(65.0, 2083.0)	(66.0, 1654.0)	(67.0, 1299.0)	(68.0, 1148.0)	(69.0, 747.0)	(70.0, 647.0)	(71.0, 602.5)	(72.0, 553.0)	(73.0, 425.5)	(74.0, 258.5)	(75.0, 189.0)	(76.0, 128.5)	(77.0, 99.0)	(78.0, 71.5)	(79.0, 28.5)	(80.0, 19.0)	(81.0, 17.5)	(82.0, 10.5)	(83.0, 5.5)	(84.0, 7.0)	(85.0, 6.0)	(86.0, 4.0)	(87.0, 5.0)	(88.0, 6.5)	(89.0, 7.0)	(90.0, 7.0)	(91.0, 11.0)	(92.0, 11.5)	(93.0, 12.0)	(94.0, 13.5)	(95.0, 11.0)	(96.0, 12.0)	(97.0, 21.5)	(98.0, 37.5)	(99.0, 327.0)	(100.0, 609.0)
SC3_v3_NextGem_DI_CRISPR_A549_5K_crispr_S4_L004_I1_001	(0.0, 0.0)	(1.0, 0.0)	(2.0, 0.0)	(3.0, 0.0)	(4.0, 0.0)	(5.0, 0.0)	(6.0, 0.0)	(7.0, 0.0)	(8.0, 0.0)	(9.0, 0.0)	(10.0, 0.0)	(11.0, 0.0)	(12.0, 0.0)	(13.0, 0.0)	(14.0, 0.0)	(15.0, 0.0)	(16.0, 0.0)	(17.0, 0.0)	(18.0, 0.0)	(19.0, 0.0)	(20.0, 0.0)	(21.0, 0.0)	(22.0, 0.0)	(23.0, 0.0)	(24.0, 0.0)	(25.0, 0.0)	(26.0, 0.0)	(27.0, 0.0)	(28.0, 0.0)	(29.0, 0.0)	(30.0, 0.0)	(31.0, 0.0)	(32.0, 0.0)	(33.0, 0.0)	(34.0, 0.0)	(35.0, 3847.5)	(36.0, 7695.0)	(37.0, 7695.0)	(38.0, 7695.0)	(39.0, 7695.0)	(40.0, 7695.0)	(41.0, 7695.0)	(42.0, 7695.0)	(43.0, 7695.0)	(44.0, 7695.0)	(45.0, 452489.0)	(46.0, 897283.0)	(47.0, 897283.0)	(48.0, 897283.0)	(49.0, 897283.0)	(50.0, 897283.0)	(51.0, 897283.0)	(52.0, 897283.0)	(53.0, 897283.0)	(54.0, 897283.0)	(55.0, 451286.5)	(56.0, 5290.0)	(57.0, 5290.0)	(58.0, 5290.0)	(59.0, 5290.0)	(60.0, 5290.0)	(61.0, 5290.0)	(62.0, 5290.0)	(63.0, 5290.0)	(64.0, 5290.0)	(65.0, 2645.0)	(66.0, 0.0)	(67.0, 0.0)	(68.0, 0.0)	(69.0, 0.0)	(70.0, 0.0)	(71.0, 0.0)	(72.0, 0.0)	(73.0, 0.0)	(74.0, 0.0)	(75.0, 0.0)	(76.0, 0.0)	(77.0, 0.0)	(78.0, 0.0)	(79.0, 0.0)	(80.0, 0.0)	(81.0, 0.0)	(82.0, 0.0)	(83.0, 0.0)	(84.0, 0.0)	(85.0, 0.0)	(86.0, 0.0)	(87.0, 0.0)	(88.0, 0.0)	(89.0, 0.0)	(90.0, 0.0)	(91.0, 0.0)	(92.0, 0.0)	(93.0, 0.0)	(94.0, 0.0)	(95.0, 0.0)	(96.0, 0.0)	(97.0, 0.0)	(98.0, 0.0)	(99.0, 0.0)	(100.0, 0.0)
SC3_v3_NextGem_DI_CRISPR_A549_5K_crispr_S4_L004_I2_001	(0.0, 0.0)	(1.0, 0.0)	(2.0, 0.0)	(3.0, 0.0)	(4.0, 0.0)	(5.0, 0.0)	(6.0, 0.0)	(7.0, 0.0)	(8.0, 0.0)	(9.0, 0.0)	(10.0, 0.0)	(11.0, 0.0)	(12.0, 0.0)	(13.0, 0.0)	(14.0, 0.0)	(15.0, 0.0)	(16.0, 0.0)	(17.0, 0.0)	(18.0, 0.0)	(19.0, 0.0)	(20.0, 0.0)	(21.0, 0.0)	(22.0, 0.0)	(23.0, 0.0)	(24.0, 0.0)	(25.0, 0.0)	(26.0, 0.0)	(27.0, 0.0)	(28.0, 0.0)	(29.0, 0.0)	(30.0, 0.0)	(31.0, 0.0)	(32.0, 0.0)	(33.0, 0.0)	(34.0, 0.0)	(35.0, 5044.5)	(36.0, 10089.0)	(37.0, 10089.0)	(38.0, 10089.0)	(39.0, 10089.0)	(40.0, 10089.0)	(41.0, 10089.0)	(42.0, 10089.0)	(43.0, 10089.0)	(44.0, 10089.0)	(45.0, 453430.5)	(46.0, 896772.0)	(47.0, 896772.0)	(48.0, 896772.0)	(49.0, 896772.0)	(50.0, 896772.0)	(51.0, 896772.0)	(52.0, 896772.0)	(53.0, 896772.0)	(54.0, 896772.0)	(55.0, 450089.5)	(56.0, 3407.0)	(57.0, 3407.0)	(58.0, 3407.0)	(59.0, 3407.0)	(60.0, 3407.0)	(61.0, 3407.0)	(62.0, 3407.0)	(63.0, 3407.0)	(64.0, 3407.0)	(65.0, 1703.5)	(66.0, 0.0)	(67.0, 0.0)	(68.0, 0.0)	(69.0, 0.0)	(70.0, 0.0)	(71.0, 0.0)	(72.0, 0.0)	(73.0, 0.0)	(74.0, 0.0)	(75.0, 0.0)	(76.0, 0.0)	(77.0, 0.0)	(78.0, 0.0)	(79.0, 0.0)	(80.0, 0.0)	(81.0, 0.0)	(82.0, 0.0)	(83.0, 0.0)	(84.0, 0.0)	(85.0, 0.0)	(86.0, 0.0)	(87.0, 0.0)	(88.0, 0.0)	(89.0, 0.0)	(90.0, 0.0)	(91.0, 0.0)	(92.0, 0.0)	(93.0, 0.0)	(94.0, 0.0)	(95.0, 0.0)	(96.0, 0.0)	(97.0, 0.0)	(98.0, 0.0)	(99.0, 0.0)	(100.0, 0.0)
SC3_v3_NextGem_DI_CRISPR_A549_5K_crispr_S4_L004_R1_001	(0.0, 2.0)	(1.0, 2.0)	(2.0, 3.0)	(3.0, 4.0)	(4.0, 4.0)	(5.0, 14.5)	(6.0, 25.0)	(7.0, 25.0)	(8.0, 25.0)	(9.0, 35.0)	(10.0, 45.0)	(11.0, 45.0)	(12.0, 45.0)	(13.0, 71.0)	(14.0, 97.0)	(15.0, 97.0)	(16.0, 162.0)	(17.0, 227.0)	(18.0, 227.0)	(19.0, 227.0)	(20.0, 521.5)	(21.0, 816.0)	(22.0, 816.0)	(23.0, 2225.5)	(24.0, 3635.0)	(25.0, 3635.0)	(26.0, 3635.0)	(27.0, 7955.0)	(28.0, 12275.0)	(29.0, 12275.0)	(30.0, 22925.5)	(31.0, 33576.0)	(32.0, 33576.0)	(33.0, 33576.0)	(34.0, 50713.0)	(35.0, 67850.0)	(36.0, 67850.0)	(37.0, 67850.0)	(38.0, 89137.5)	(39.0, 110425.0)	(40.0, 110425.0)	(41.0, 128402.0)	(42.0, 146379.0)	(43.0, 146379.0)	(44.0, 146379.0)	(45.0, 153014.5)	(46.0, 159650.0)	(47.0, 159650.0)	(48.0, 151627.5)	(49.0, 143605.0)	(50.0, 143605.0)	(51.0, 143605.0)	(52.0, 125292.5)	(53.0, 106980.0)	(54.0, 106980.0)	(55.0, 86814.0)	(56.0, 66648.0)	(57.0, 66648.0)	(58.0, 66648.0)	(59.0, 50416.0)	(60.0, 34184.0)	(61.0, 34184.0)	(62.0, 34184.0)	(63.0, 24290.5)	(64.0, 14397.0)	(65.0, 14397.0)	(66.0, 9937.0)	(67.0, 5477.0)	(68.0, 5477.0)	(69.0, 5477.0)	(70.0, 4283.0)	(71.0, 3089.0)	(72.0, 3089.0)	(73.0, 1800.5)	(74.0, 512.0)	(75.0, 512.0)	(76.0, 512.0)	(77.0, 335.5)	(78.0, 159.0)	(79.0, 159.0)	(80.0, 145.0)	(81.0, 131.0)	(82.0, 131.0)	(83.0, 131.0)	(84.0, 97.0)	(85.0, 63.0)	(86.0, 63.0)	(87.0, 63.0)	(88.0, 38.0)	(89.0, 13.0)	(90.0, 13.0)	(91.0, 8.5)	(92.0, 4.0)	(93.0, 4.0)	(94.0, 4.0)	(95.0, 2.0)	(96.0, 0.0)	(97.0, 0.0)	(98.0, 0.0)	(99.0, 0.0)	(100.0, 0.0)
SC3_v3_NextGem_DI_CRISPR_A549_5K_crispr_S4_L004_R2_001	(0.0, 0.0)	(1.0, 1.5)	(2.0, 1.5)	(3.0, 0.0)	(4.0, 1.5)	(5.0, 3.0)	(6.0, 2.5)	(7.0, 5.5)	(8.0, 7.0)	(9.0, 4.5)	(10.0, 4.0)	(11.0, 8.0)	(12.0, 14.0)	(13.0, 14.0)	(14.0, 11.0)	(15.0, 17.5)	(16.0, 28.5)	(17.0, 42.0)	(18.0, 75.5)	(19.0, 119.5)	(20.0, 140.0)	(21.0, 168.5)	(22.0, 232.5)	(23.0, 327.5)	(24.0, 421.0)	(25.0, 514.0)	(26.0, 637.5)	(27.0, 748.0)	(28.0, 861.5)	(29.0, 1007.5)	(30.0, 1086.0)	(31.0, 1176.5)	(32.0, 1381.5)	(33.0, 1575.5)	(34.0, 1746.0)	(35.0, 1914.0)	(36.0, 2149.0)	(37.0, 2708.0)	(38.0, 3783.5)	(39.0, 4983.0)	(40.0, 5508.0)	(41.0, 7420.5)	(42.0, 23339.5)	(43.0, 48065.0)	(44.0, 76194.5)	(45.0, 92305.0)	(46.0, 80805.0)	(47.0, 112625.5)	(48.0, 156037.5)	(49.0, 137029.5)	(50.0, 116630.0)	(51.0, 69157.5)	(52.0, 16186.5)	(53.0, 10683.0)	(54.0, 9544.5)	(55.0, 7973.0)	(56.0, 6723.5)	(57.0, 4819.0)	(58.0, 3579.5)	(59.0, 2987.5)	(60.0, 2542.0)	(61.0, 2359.5)	(62.0, 2014.5)	(63.0, 1890.0)	(64.0, 1962.5)	(65.0, 2089.5)	(66.0, 1633.5)	(67.0, 1257.0)	(68.0, 1107.0)	(69.0, 681.5)	(70.0, 578.0)	(71.0, 576.0)	(72.0, 555.5)	(73.0, 412.5)	(74.0, 240.0)	(75.0, 182.5)	(76.0, 131.0)	(77.0, 81.5)	(78.0, 62.5)	(79.0, 40.5)	(80.0, 30.0)	(81.0, 20.0)	(82.0, 9.0)	(83.0, 7.0)	(84.0, 4.5)	(85.0, 5.5)	(86.0, 7.0)	(87.0, 6.0)	(88.0, 6.5)	(89.0, 5.5)	(90.0, 4.0)	(91.0, 6.5)	(92.0, 7.0)	(93.0, 9.5)	(94.0, 16.5)	(95.0, 18.0)	(96.0, 17.5)	(97.0, 24.0)	(98.0, 40.0)	(99.0, 319.0)	(100.0, 588.0)
SC3_v3_NextGem_DI_CRISPR_A549_5K_gex_S5_L001_I1_001	(0.0, 0.0)	(1.0, 0.0)	(2.0, 0.0)	(3.0, 0.0)	(4.0, 0.0)	(5.0, 0.0)	(6.0, 0.0)	(7.0, 0.0)	(8.0, 0.0)	(9.0, 0.0)	(10.0, 0.0)	(11.0, 0.0)	(12.0, 0.0)	(13.0, 0.0)	(14.0, 0.0)	(15.0, 0.0)	(16.0, 0.0)	(17.0, 0.0)	(18.0, 0.0)	(19.0, 0.0)	(20.0, 0.0)	(21.0, 0.0)	(22.0, 0.0)	(23.0, 0.0)	(24.0, 0.0)	(25.0, 0.0)	(26.0, 0.0)	(27.0, 0.0)	(28.0, 0.0)	(29.0, 0.0)	(30.0, 0.0)	(31.0, 0.0)	(32.0, 0.0)	(33.0, 0.0)	(34.0, 0.0)	(35.0, 0.0)	(36.0, 0.0)	(37.0, 0.0)	(38.0, 0.0)	(39.0, 0.0)	(40.0, 0.0)	(41.0, 0.0)	(42.0, 0.0)	(43.0, 0.0)	(44.0, 0.0)	(45.0, 7468.0)	(46.0, 14936.0)	(47.0, 14936.0)	(48.0, 14936.0)	(49.0, 14936.0)	(50.0, 14936.0)	(51.0, 14936.0)	(52.0, 14936.0)	(53.0, 14936.0)	(54.0, 14936.0)	(55.0, 466379.5)	(56.0, 917823.0)	(57.0, 917823.0)	(58.0, 917823.0)	(59.0, 917823.0)	(60.0, 917823.0)	(61.0, 917823.0)	(62.0, 917823.0)	(63.0, 917823.0)	(64.0, 917823.0)	(65.0, 461137.0)	(66.0, 4451.0)	(67.0, 4451.0)	(68.0, 4451.0)	(69.0, 4451.0)	(70.0, 4451.0)	(71.0, 4451.0)	(72.0, 4451.0)	(73.0, 4451.0)	(74.0, 4451.0)	(75.0, 2225.5)	(76.0, 0.0)	(77.0, 0.0)	(78.0, 0.0)	(79.0, 0.0)	(80.0, 0.0)	(81.0, 0.0)	(82.0, 0.0)	(83.0, 0.0)	(84.0, 0.0)	(85.0, 0.0)	(86.0, 0.0)	(87.0, 0.0)	(88.0, 0.0)	(89.0, 0.0)	(90.0, 0.0)	(91.0, 0.0)	(92.0, 0.0)	(93.0, 0.0)	(94.0, 0.0)	(95.0, 0.0)	(96.0, 0.0)	(97.0, 0.0)	(98.0, 0.0)	(99.0, 0.0)	(100.0, 0.0)
SC3_v3_NextGem_DI_CRISPR_A549_5K_gex_S5_L001_I2_001	(0.0, 0.0)	(1.0, 0.0)	(2.0, 0.0)	(3.0, 0.0)	(4.0, 0.0)	(5.0, 0.0)	(6.0, 0.0)	(7.0, 0.0)	(8.0, 0.0)	(9.0, 0.0)	(10.0, 0.0)	(11.0, 0.0)	(12.0, 0.0)	(13.0, 0.0)	(14.0, 0.0)	(15.0, 3895.0)	(16.0, 7790.0)	(17.0, 7790.0)	(18.0, 7790.0)	(19.0, 7790.0)	(20.0, 7790.0)	(21.0, 7790.0)	(22.0, 7790.0)	(23.0, 7790.0)	(24.0, 7790.0)	(25.0, 466076.0)	(26.0, 924362.0)	(27.0, 924362.0)	(28.0, 924362.0)	(29.0, 924362.0)	(30.0, 924362.0)	(31.0, 924362.0)	(32.0, 924362.0)	(33.0, 924362.0)	(34.0, 924362.0)	(35.0, 464710.0)	(36.0, 5058.0)	(37.0, 5058.0)	(38.0, 5058.0)	(39.0, 5058.0)	(40.0, 5058.0)	(41.0, 5058.0)	(42.0, 5058.0)	(43.0, 5058.0)	(44.0, 5058.0)	(45.0, 2529.0)	(46.0, 0.0)	(47.0, 0.0)	(48.0, 0.0)	(49.0, 0.0)	(50.0, 0.0)	(51.0, 0.0)	(52.0, 0.0)	(53.0, 0.0)	(54.0, 0.0)	(55.0, 0.0)	(56.0, 0.0)	(57.0, 0.0)	(58.0, 0.0)	(59.0, 0.0)	(60.0, 0.0)	(61.0, 0.0)	(62.0, 0.0)	(63.0, 0.0)	(64.0, 0.0)	(65.0, 0.0)	(66.0, 0.0)	(67.0, 0.0)	(68.0, 0.0)	(69.0, 0.0)	(70.0, 0.0)	(71.0, 0.0)	(72.0, 0.0)	(73.0, 0.0)	(74.0, 0.0)	(75.0, 0.0)	(76.0, 0.0)	(77.0, 0.0)	(78.0, 0.0)	(79.0, 0.0)	(80.0, 0.0)	(81.0, 0.0)	(82.0, 0.0)	(83.0, 0.0)	(84.0, 0.0)	(85.0, 0.0)	(86.0, 0.0)	(87.0, 0.0)	(88.0, 0.0)	(89.0, 0.0)	(90.0, 0.0)	(91.0, 0.0)	(92.0, 0.0)	(93.0, 0.0)	(94.0, 0.0)	(95.0, 0.0)	(96.0, 0.0)	(97.0, 0.0)	(98.0, 0.0)	(99.0, 0.0)	(100.0, 0.0)
SC3_v3_NextGem_DI_CRISPR_A549_5K_gex_S5_L001_R1_001	(0.0, 0.0)	(1.0, 0.0)	(2.0, 4.0)	(3.0, 8.0)	(4.0, 8.0)	(5.0, 8.5)	(6.0, 9.0)	(7.0, 9.0)	(8.0, 9.0)	(9.0, 18.5)	(10.0, 28.0)	(11.0, 28.0)	(12.0, 28.0)	(13.0, 58.5)	(14.0, 89.0)	(15.0, 89.0)	(16.0, 140.0)	(17.0, 191.0)	(18.0, 191.0)	(19.0, 191.0)	(20.0, 612.0)	(21.0, 1033.0)	(22.0, 1033.0)	(23.0, 2868.5)	(24.0, 4704.0)	(25.0, 4704.0)	(26.0, 4704.0)	(27.0, 10471.0)	(28.0, 16238.0)	(29.0, 16238.0)	(30.0, 28586.5)	(31.0, 40935.0)	(32.0, 40935.0)	(33.0, 40935.0)	(34.0, 60592.5)	(35.0, 80250.0)	(36.0, 80250.0)	(37.0, 80250.0)	(38.0, 102371.0)	(39.0, 124492.0)	(40.0, 124492.0)	(41.0, 140117.5)	(42.0, 155743.0)	(43.0, 155743.0)	(44.0, 155743.0)	(45.0, 159147.0)	(46.0, 162551.0)	(47.0, 162551.0)	(48.0, 151264.5)	(49.0, 139978.0)	(50.0, 139978.0)	(51.0, 139978.0)	(52.0, 120636.0)	(53.0, 101294.0)	(54.0, 101294.0)	(55.0, 81232.0)	(56.0, 61170.0)	(57.0, 61170.0)	(58.0, 61170.0)	(59.0, 45838.5)	(60.0, 30507.0)	(61.0, 30507.0)	(62.0, 30507.0)	(63.0, 21448.0)	(64.0, 12389.0)	(65.0, 12389.0)	(66.0, 8248.0)	(67.0, 4107.0)	(68.0, 4107.0)	(69.0, 4107.0)	(70.0, 2620.5)	(71.0, 1134.0)	(72.0, 1134.0)	(73.0, 693.0)	(74.0, 252.0)	(75.0, 252.0)	(76.0, 252.0)	(77.0, 155.0)	(78.0, 58.0)	(79.0, 58.0)	(80.0, 42.5)	(81.0, 27.0)	(82.0, 27.0)	(83.0, 27.0)	(84.0, 19.5)	(85.0, 12.0)	(86.0, 12.0)	(87.0, 12.0)	(88.0, 9.0)	(89.0, 6.0)	(90.0, 6.0)	(91.0, 4.0)	(92.0, 2.0)	(93.0, 2.0)	(94.0, 2.0)	(95.0, 2.0)	(96.0, 2.0)	(97.0, 2.0)	(98.0, 1.5)	(99.0, 1.0)	(100.0, 1.0)
SC3_v3_NextGem_DI_CRISPR_A549_5K_gex_S5_L001_R2_001	(0.0, 62.0)	(1.0, 70.0)	(2.0, 93.5)	(3.0, 112.0)	(4.0, 124.0)	(5.0, 139.5)	(6.0, 154.5)	(7.0, 154.0)	(8.0, 163.5)	(9.0, 176.0)	(10.0, 170.0)	(11.0, 176.5)	(12.0, 208.0)	(13.0, 226.5)	(14.0, 243.5)	(15.0, 329.5)	(16.0, 500.5)	(17.0, 686.0)	(18.0, 842.5)	(19.0, 1159.5)	(20.0, 1397.0)	(21.0, 1665.0)	(22.0, 2299.5)	(23.0, 3083.0)	(24.0, 4014.5)	(25.0, 5058.5)	(26.0, 6212.0)	(27.0, 7721.5)	(28.0, 9376.0)	(29.0, 10780.5)	(30.0, 11416.0)	(31.0, 12188.5)	(32.0, 13821.5)	(33.0, 15714.0)	(34.0, 18041.5)	(35.0, 20682.0)	(36.0, 22789.5)	(37.0, 24045.5)	(38.0, 25781.5)	(39.0, 28683.0)	(40.0, 30342.0)	(41.0, 31410.5)	(42.0, 33546.0)	(43.0, 33892.0)	(44.0, 33982.5)	(45.0, 34634.5)	(46.0, 35277.5)	(47.0, 36261.5)	(48.0, 35868.5)	(49.0, 35358.0)	(50.0, 35422.0)	(51.0, 34731.0)	(52.0, 33216.5)	(53.0, 31947.5)	(54.0, 30485.0)	(55.0, 29504.0)	(56.0, 27781.5)	(57.0, 25462.5)	(58.0, 24606.5)	(59.0, 23444.0)	(60.0, 22577.0)	(61.0, 21875.5)	(62.0, 19829.5)	(63.0, 17306.0)	(64.0, 14928.0)	(65.0, 12201.0)	(66.0, 9836.5)	(67.0, 7721.5)	(68.0, 5788.5)	(69.0, 4442.5)	(70.0, 3751.0)	(71.0, 3216.5)	(72.0, 2286.5)	(73.0, 1683.0)	(74.0, 1240.5)	(75.0, 931.5)	(76.0, 763.5)	(77.0, 610.5)	(78.0, 501.5)	(79.0, 430.0)	(80.0, 408.0)	(81.0, 357.0)	(82.0, 264.0)	(83.0, 197.0)	(84.0, 154.0)	(85.0, 129.5)	(86.0, 114.0)	(87.0, 94.5)	(88.0, 81.0)	(89.0, 67.5)	(90.0, 57.0)	(91.0, 63.0)	(92.0, 58.0)	(93.0, 51.5)	(94.0, 56.0)	(95.0, 50.0)	(96.0, 46.5)	(97.0, 45.5)	(98.0, 61.5)	(99.0, 405.0)	(100.0, 729.0)
SC3_v3_NextGem_DI_CRISPR_A549_5K_gex_S5_L002_I1_001	(0.0, 0.0)	(1.0, 0.0)	(2.0, 0.0)	(3.0, 0.0)	(4.0, 0.0)	(5.0, 0.0)	(6.0, 0.0)	(7.0, 0.0)	(8.0, 0.0)	(9.0, 0.0)	(10.0, 0.0)	(11.0, 0.0)	(12.0, 0.0)	(13.0, 0.0)	(14.0, 0.0)	(15.0, 0.0)	(16.0, 0.0)	(17.0, 0.0)	(18.0, 0.0)	(19.0, 0.0)	(20.0, 0.0)	(21.0, 0.0)	(22.0, 0.0)	(23.0, 0.0)	(24.0, 0.0)	(25.0, 0.0)	(26.0, 0.0)	(27.0, 0.0)	(28.0, 0.0)	(29.0, 0.0)	(30.0, 0.0)	(31.0, 0.0)	(32.0, 0.0)	(33.0, 0.0)	(34.0, 0.0)	(35.0, 0.0)	(36.0, 0.0)	(37.0, 0.0)	(38.0, 0.0)	(39.0, 0.0)	(40.0, 0.0)	(41.0, 0.0)	(42.0, 0.0)	(43.0, 0.0)	(44.0, 0.0)	(45.0, 6731.0)	(46.0, 13462.0)	(47.0, 13462.0)	(48.0, 13462.0)	(49.0, 13462.0)	(50.0, 13462.0)	(51.0, 13462.0)	(52.0, 13462.0)	(53.0, 13462.0)	(54.0, 13462.0)	(55.0, 471883.5)	(56.0, 930305.0)	(57.0, 930305.0)	(58.0, 930305.0)	(59.0, 930305.0)	(60.0, 930305.0)	(61.0, 930305.0)	(62.0, 930305.0)	(63.0, 930305.0)	(64.0, 930305.0)	(65.0, 467277.5)	(66.0, 4250.0)	(67.0, 4250.0)	(68.0, 4250.0)	(69.0, 4250.0)	(70.0, 4250.0)	(71.0, 4250.0)	(72.0, 4250.0)	(73.0, 4250.0)	(74.0, 4250.0)	(75.0, 2125.0)	(76.0, 0.0)	(77.0, 0.0)	(78.0, 0.0)	(79.0, 0.0)	(80.0, 0.0)	(81.0, 0.0)	(82.0, 0.0)	(83.0, 0.0)	(84.0, 0.0)	(85.0, 0.0)	(86.0, 0.0)	(87.0, 0.0)	(88.0, 0.0)	(89.0, 0.0)	(90.0, 0.0)	(91.0, 0.0)	(92.0, 0.0)	(93.0, 0.0)	(94.0, 0.0)	(95.0, 0.0)	(96.0, 0.0)	(97.0, 0.0)	(98.0, 0.0)	(99.0, 0.0)	(100.0, 0.0)
SC3_v3_NextGem_DI_CRISPR_A549_5K_gex_S5_L002_I2_001	(0.0, 0.0)	(1.0, 0.0)	(2.0, 0.0)	(3.0, 0.0)	(4.0, 0.0)	(5.0, 0.0)	(6.0, 0.0)	(7.0, 0.0)	(8.0, 0.0)	(9.0, 0.0)	(10.0, 0.0)	(11.0, 0.0)	(12.0, 0.0)	(13.0, 0.0)	(14.0, 0.0)	(15.0, 3728.0)	(16.0, 7456.0)	(17.0, 7456.0)	(18.0, 7456.0)	(19.0, 7456.0)	(20.0, 7456.0)	(21.0, 7456.0)	(22.0, 7456.0)	(23.0, 7456.0)	(24.0, 7456.0)	(25.0, 471565.5)	(26.0, 935675.0)	(27.0, 935675.0)	(28.0, 935675.0)	(29.0, 935675.0)	(30.0, 935675.0)	(31.0, 935675.0)	(32.0, 935675.0)	(33.0, 935675.0)	(34.0, 935675.0)	(35.0, 470280.5)	(36.0, 4886.0)	(37.0, 4886.0)	(38.0, 4886.0)	(39.0, 4886.0)	(40.0, 4886.0)	(41.0, 4886.0)	(42.0, 4886.0)	(43.0, 4886.0)	(44.0, 4886.0)	(45.0, 2443.0)	(46.0, 0.0)	(47.0, 0.0)	(48.0, 0.0)	(49.0, 0.0)	(50.0, 0.0)	(51.0, 0.0)	(52.0, 0.0)	(53.0, 0.0)	(54.0, 0.0)	(55.0, 0.0)	(56.0, 0.0)	(57.0, 0.0)	(58.0, 0.0)	(59.0, 0.0)	(60.0, 0.0)	(61.0, 0.0)	(62.0, 0.0)	(63.0, 0.0)	(64.0, 0.0)	(65.0, 0.0)	(66.0, 0.0)	(67.0, 0.0)	(68.0, 0.0)	(69.0, 0.0)	(70.0, 0.0)	(71.0, 0.0)	(72.0, 0.0)	(73.0, 0.0)	(74.0, 0.0)	(75.0, 0.0)	(76.0, 0.0)	(77.0, 0.0)	(78.0, 0.0)	(79.0, 0.0)	(80.0, 0.0)	(81.0, 0.0)	(82.0, 0.0)	(83.0, 0.0)	(84.0, 0.0)	(85.0, 0.0)	(86.0, 0.0)	(87.0, 0.0)	(88.0, 0.0)	(89.0, 0.0)	(90.0, 0.0)	(91.0, 0.0)	(92.0, 0.0)	(93.0, 0.0)	(94.0, 0.0)	(95.0, 0.0)	(96.0, 0.0)	(97.0, 0.0)	(98.0, 0.0)	(99.0, 0.0)	(100.0, 0.0)
SC3_v3_NextGem_DI_CRISPR_A549_5K_gex_S5_L002_R1_001	(0.0, 1.0)	(1.0, 1.0)	(2.0, 2.0)	(3.0, 3.0)	(4.0, 3.0)	(5.0, 9.5)	(6.0, 16.0)	(7.0, 16.0)	(8.0, 16.0)	(9.0, 24.0)	(10.0, 32.0)	(11.0, 32.0)	(12.0, 32.0)	(13.0, 72.5)	(14.0, 113.0)	(15.0, 113.0)	(16.0, 157.0)	(17.0, 201.0)	(18.0, 201.0)	(19.0, 201.0)	(20.0, 585.5)	(21.0, 970.0)	(22.0, 970.0)	(23.0, 2832.0)	(24.0, 4694.0)	(25.0, 4694.0)	(26.0, 4694.0)	(27.0, 10464.5)	(28.0, 16235.0)	(29.0, 16235.0)	(30.0, 28772.5)	(31.0, 41310.0)	(32.0, 41310.0)	(33.0, 41310.0)	(34.0, 61165.5)	(35.0, 81021.0)	(36.0, 81021.0)	(37.0, 81021.0)	(38.0, 102935.0)	(39.0, 124849.0)	(40.0, 124849.0)	(41.0, 141288.0)	(42.0, 157727.0)	(43.0, 157727.0)	(44.0, 157727.0)	(45.0, 161254.0)	(46.0, 164781.0)	(47.0, 164781.0)	(48.0, 153410.0)	(49.0, 142039.0)	(50.0, 142039.0)	(51.0, 142039.0)	(52.0, 122358.0)	(53.0, 102677.0)	(54.0, 102677.0)	(55.0, 82307.0)	(56.0, 61937.0)	(57.0, 61937.0)	(58.0, 61937.0)	(59.0, 46434.5)	(60.0, 30932.0)	(61.0, 30932.0)	(62.0, 30932.0)	(63.0, 21812.5)	(64.0, 12693.0)	(65.0, 12693.0)	(66.0, 8455.5)	(67.0, 4218.0)	(68.0, 4218.0)	(69.0, 4218.0)	(70.0, 2695.5)	(71.0, 1173.0)	(72.0, 1173.0)	(73.0, 724.5)	(74.0, 276.0)	(75.0, 276.0)	(76.0, 276.0)	(77.0, 171.0)	(78.0, 66.0)	(79.0, 66.0)	(80.0, 47.0)	(81.0, 28.0)	(82.0, 28.0)	(83.0, 28.0)	(84.0, 23.0)	(85.0, 18.0)	(86.0, 18.0)	(87.0, 18.0)	(88.0, 10.5)	(89.0, 3.0)	(90.0, 3.0)	(91.0, 3.0)	(92.0, 3.0)	(93.0, 3.0)	(94.0, 3.0)	(95.0, 2.0)	(96.0, 1.0)	(97.0, 1.0)	(98.0, 0.5)	(99.0, 0.0)	(100.0, 0.0)
SC3_v3_NextGem_DI_CRISPR_A549_5K_gex_S5_L002_R2_001	(0.0, 54.0)	(1.0, 58.0)	(2.0, 80.5)	(3.0, 112.0)	(4.0, 123.0)	(5.0, 129.0)	(6.0, 144.0)	(7.0, 158.5)	(8.0, 163.5)	(9.0, 168.5)	(10.0, 176.0)	(11.0, 188.0)	(12.0, 212.0)	(13.0, 240.0)	(14.0, 273.5)	(15.0, 338.0)	(16.0, 519.5)	(17.0, 677.0)	(18.0, 827.0)	(19.0, 1180.5)	(20.0, 1407.0)	(21.0, 1632.0)	(22.0, 2230.5)	(23.0, 3031.5)	(24.0, 3967.0)	(25.0, 5027.0)	(26.0, 6193.5)	(27.0, 7826.0)	(28.0, 9545.5)	(29.0, 10942.5)	(30.0, 11638.0)	(31.0, 12362.5)	(32.0, 13852.0)	(33.0, 15721.5)	(34.0, 18089.0)	(35.0, 20933.5)	(36.0, 22984.0)	(37.0, 24359.5)	(38.0, 26107.0)	(39.0, 28551.0)	(40.0, 30154.0)	(41.0, 31591.5)	(42.0, 34078.0)	(43.0, 34114.5)	(44.0, 34038.5)	(45.0, 34963.0)	(46.0, 35572.0)	(47.0, 36559.0)	(48.0, 36384.5)	(49.0, 35920.5)	(50.0, 35997.0)	(51.0, 35264.5)	(52.0, 33776.0)	(53.0, 32461.5)	(54.0, 30766.0)	(55.0, 29758.0)	(56.0, 28314.0)	(57.0, 25866.0)	(58.0, 24937.5)	(59.0, 23866.5)	(60.0, 22849.0)	(61.0, 22216.5)	(62.0, 20132.0)	(63.0, 17501.5)	(64.0, 15212.5)	(65.0, 12544.5)	(66.0, 10132.5)	(67.0, 7980.5)	(68.0, 5889.0)	(69.0, 4418.0)	(70.0, 3741.0)	(71.0, 3246.5)	(72.0, 2377.0)	(73.0, 1740.0)	(74.0, 1296.5)	(75.0, 980.5)	(76.0, 757.0)	(77.0, 621.5)	(78.0, 531.0)	(79.0, 441.5)	(80.0, 396.0)	(81.0, 371.0)	(82.0, 290.5)	(83.0, 210.5)	(84.0, 186.0)	(85.0, 162.0)	(86.0, 118.5)	(87.0, 97.0)	(88.0, 77.0)	(89.0, 61.0)	(90.0, 63.0)	(91.0, 56.5)	(92.0, 51.5)	(93.0, 50.0)	(94.0, 50.5)	(95.0, 53.5)	(96.0, 52.5)	(97.0, 48.5)	(98.0, 69.0)	(99.0, 416.5)	(100.0, 740.0)
SC3_v3_NextGem_DI_CRISPR_A549_5K_gex_S5_L003_I1_001	(0.0, 0.0)	(1.0, 0.0)	(2.0, 0.0)	(3.0, 0.0)	(4.0, 0.0)	(5.0, 0.0)	(6.0, 0.0)	(7.0, 0.0)	(8.0, 0.0)	(9.0, 0.0)	(10.0, 0.0)	(11.0, 0.0)	(12.0, 0.0)	(13.0, 0.0)	(14.0, 0.0)	(15.0, 0.0)	(16.0, 0.0)	(17.0, 0.0)	(18.0, 0.0)	(19.0, 0.0)	(20.0, 0.0)	(21.0, 0.0)	(22.0, 0.0)	(23.0, 0.0)	(24.0, 0.0)	(25.0, 0.0)	(26.0, 0.0)	(27.0, 0.0)	(28.0, 0.0)	(29.0, 0.0)	(30.0, 0.0)	(31.0, 0.0)	(32.0, 0.0)	(33.0, 0.0)	(34.0, 0.0)	(35.0, 0.0)	(36.0, 0.0)	(37.0, 0.0)	(38.0, 0.0)	(39.0, 0.0)	(40.0, 0.0)	(41.0, 0.0)	(42.0, 0.0)	(43.0, 0.0)	(44.0, 0.0)	(45.0, 7086.0)	(46.0, 14172.0)	(47.0, 14172.0)	(48.0, 14172.0)	(49.0, 14172.0)	(50.0, 14172.0)	(51.0, 14172.0)	(52.0, 14172.0)	(53.0, 14172.0)	(54.0, 14172.0)	(55.0, 471507.5)	(56.0, 928843.0)	(57.0, 928843.0)	(58.0, 928843.0)	(59.0, 928843.0)	(60.0, 928843.0)	(61.0, 928843.0)	(62.0, 928843.0)	(63.0, 928843.0)	(64.0, 928843.0)	(65.0, 466593.0)	(66.0, 4343.0)	(67.0, 4343.0)	(68.0, 4343.0)	(69.0, 4343.0)	(70.0, 4343.0)	(71.0, 4343.0)	(72.0, 4343.0)	(73.0, 4343.0)	(74.0, 4343.0)	(75.0, 2171.5)	(76.0, 0.0)	(77.0, 0.0)	(78.0, 0.0)	(79.0, 0.0)	(80.0, 0.0)	(81.0, 0.0)	(82.0, 0.0)	(83.0, 0.0)	(84.0, 0.0)	(85.0, 0.0)	(86.0, 0.0)	(87.0, 0.0)	(88.0, 0.0)	(89.0, 0.0)	(90.0, 0.0)	(91.0, 0.0)	(92.0, 0.0)	(93.0, 0.0)	(94.0, 0.0)	(95.0, 0.0)	(96.0, 0.0)	(97.0, 0.0)	(98.0, 0.0)	(99.0, 0.0)	(100.0, 0.0)
SC3_v3_NextGem_DI_CRISPR_A549_5K_gex_S5_L003_I2_001	(0.0, 0.0)	(1.0, 0.0)	(2.0, 0.0)	(3.0, 0.0)	(4.0, 0.0)	(5.0, 0.0)	(6.0, 0.0)	(7.0, 0.0)	(8.0, 0.0)	(9.0, 0.0)	(10.0, 0.0)	(11.0, 0.0)	(12.0, 0.0)	(13.0, 0.0)	(14.0, 0.0)	(15.0, 3768.5)	(16.0, 7537.0)	(17.0, 7537.0)	(18.0, 7537.0)	(19.0, 7537.0)	(20.0, 7537.0)	(21.0, 7537.0)	(22.0, 7537.0)	(23.0, 7537.0)	(24.0, 7537.0)	(25.0, 471440.5)	(26.0, 935344.0)	(27.0, 935344.0)	(28.0, 935344.0)	(29.0, 935344.0)	(30.0, 935344.0)	(31.0, 935344.0)	(32.0, 935344.0)	(33.0, 935344.0)	(34.0, 935344.0)	(35.0, 469910.5)	(36.0, 4477.0)	(37.0, 4477.0)	(38.0, 4477.0)	(39.0, 4477.0)	(40.0, 4477.0)	(41.0, 4477.0)	(42.0, 4477.0)	(43.0, 4477.0)	(44.0, 4477.0)	(45.0, 2238.5)	(46.0, 0.0)	(47.0, 0.0)	(48.0, 0.0)	(49.0, 0.0)	(50.0, 0.0)	(51.0, 0.0)	(52.0, 0.0)	(53.0, 0.0)	(54.0, 0.0)	(55.0, 0.0)	(56.0, 0.0)	(57.0, 0.0)	(58.0, 0.0)	(59.0, 0.0)	(60.0, 0.0)	(61.0, 0.0)	(62.0, 0.0)	(63.0, 0.0)	(64.0, 0.0)	(65.0, 0.0)	(66.0, 0.0)	(67.0, 0.0)	(68.0, 0.0)	(69.0, 0.0)	(70.0, 0.0)	(71.0, 0.0)	(72.0, 0.0)	(73.0, 0.0)	(74.0, 0.0)	(75.0, 0.0)	(76.0, 0.0)	(77.0, 0.0)	(78.0, 0.0)	(79.0, 0.0)	(80.0, 0.0)	(81.0, 0.0)	(82.0, 0.0)	(83.0, 0.0)	(84.0, 0.0)	(85.0, 0.0)	(86.0, 0.0)	(87.0, 0.0)	(88.0, 0.0)	(89.0, 0.0)	(90.0, 0.0)	(91.0, 0.0)	(92.0, 0.0)	(93.0, 0.0)	(94.0, 0.0)	(95.0, 0.0)	(96.0, 0.0)	(97.0, 0.0)	(98.0, 0.0)	(99.0, 0.0)	(100.0, 0.0)
SC3_v3_NextGem_DI_CRISPR_A549_5K_gex_S5_L003_R1_001	(0.0, 2.0)	(1.0, 2.0)	(2.0, 6.0)	(3.0, 10.0)	(4.0, 10.0)	(5.0, 10.5)	(6.0, 11.0)	(7.0, 11.0)	(8.0, 11.0)	(9.0, 28.0)	(10.0, 45.0)	(11.0, 45.0)	(12.0, 45.0)	(13.0, 61.0)	(14.0, 77.0)	(15.0, 77.0)	(16.0, 144.5)	(17.0, 212.0)	(18.0, 212.0)	(19.0, 212.0)	(20.0, 589.5)	(21.0, 967.0)	(22.0, 967.0)	(23.0, 2875.5)	(24.0, 4784.0)	(25.0, 4784.0)	(26.0, 4784.0)	(27.0, 10511.5)	(28.0, 16239.0)	(29.0, 16239.0)	(30.0, 28773.0)	(31.0, 41307.0)	(32.0, 41307.0)	(33.0, 41307.0)	(34.0, 61159.5)	(35.0, 81012.0)	(36.0, 81012.0)	(37.0, 81012.0)	(38.0, 102971.5)	(39.0, 124931.0)	(40.0, 124931.0)	(41.0, 141080.0)	(42.0, 157229.0)	(43.0, 157229.0)	(44.0, 157229.0)	(45.0, 160815.0)	(46.0, 164401.0)	(47.0, 164401.0)	(48.0, 153626.5)	(49.0, 142852.0)	(50.0, 142852.0)	(51.0, 142852.0)	(52.0, 122794.0)	(53.0, 102736.0)	(54.0, 102736.0)	(55.0, 82217.5)	(56.0, 61699.0)	(57.0, 61699.0)	(58.0, 61699.0)	(59.0, 46100.0)	(60.0, 30501.0)	(61.0, 30501.0)	(62.0, 30501.0)	(63.0, 21507.5)	(64.0, 12514.0)	(65.0, 12514.0)	(66.0, 8411.5)	(67.0, 4309.0)	(68.0, 4309.0)	(69.0, 4309.0)	(70.0, 2726.0)	(71.0, 1143.0)	(72.0, 1143.0)	(73.0, 700.5)	(74.0, 258.0)	(75.0, 258.0)	(76.0, 258.0)	(77.0, 164.5)	(78.0, 71.0)	(79.0, 71.0)	(80.0, 49.5)	(81.0, 28.0)	(82.0, 28.0)	(83.0, 28.0)	(84.0, 22.5)	(85.0, 17.0)	(86.0, 17.0)	(87.0, 17.0)	(88.0, 10.0)	(89.0, 3.0)	(90.0, 3.0)	(91.0, 1.5)	(92.0, 0.0)	(93.0, 0.0)	(94.0, 0.0)	(95.0, 0.0)	(96.0, 0.0)	(97.0, 0.0)	(98.0, 0.0)	(99.0, 0.0)	(100.0, 0.0)
SC3_v3_NextGem_DI_CRISPR_A549_5K_gex_S5_L003_R2_001	(0.0, 66.0)	(1.0, 75.0)	(2.0, 94.5)	(3.0, 108.0)	(4.0, 121.5)	(5.0, 134.5)	(6.0, 144.5)	(7.0, 163.0)	(8.0, 162.5)	(9.0, 173.0)	(10.0, 195.0)	(11.0, 192.0)	(12.0, 202.0)	(13.0, 253.5)	(14.0, 290.0)	(15.0, 327.0)	(16.0, 503.5)	(17.0, 693.0)	(18.0, 868.5)	(19.0, 1162.5)	(20.0, 1333.0)	(21.0, 1611.5)	(22.0, 2219.5)	(23.0, 3021.0)	(24.0, 3948.5)	(25.0, 5007.0)	(26.0, 6224.5)	(27.0, 7662.5)	(28.0, 9389.5)	(29.0, 10961.0)	(30.0, 11629.0)	(31.0, 12264.5)	(32.0, 13907.0)	(33.0, 15788.0)	(34.0, 18085.5)	(35.0, 20892.0)	(36.0, 22597.0)	(37.0, 24003.0)	(38.0, 26132.0)	(39.0, 28735.0)	(40.0, 30293.0)	(41.0, 31607.5)	(42.0, 33853.0)	(43.0, 33970.5)	(44.0, 34101.5)	(45.0, 35026.0)	(46.0, 35373.0)	(47.0, 36265.5)	(48.0, 36293.0)	(49.0, 35940.0)	(50.0, 36085.0)	(51.0, 35463.5)	(52.0, 33945.5)	(53.0, 32455.5)	(54.0, 31086.0)	(55.0, 29945.0)	(56.0, 27982.5)	(57.0, 25785.5)	(58.0, 25079.5)	(59.0, 23956.5)	(60.0, 22940.0)	(61.0, 22290.0)	(62.0, 20251.0)	(63.0, 17670.5)	(64.0, 15329.0)	(65.0, 12497.5)	(66.0, 10013.5)	(67.0, 7909.5)	(68.0, 5880.5)	(69.0, 4449.0)	(70.0, 3745.0)	(71.0, 3281.5)	(72.0, 2445.0)	(73.0, 1722.5)	(74.0, 1234.0)	(75.0, 973.5)	(76.0, 766.0)	(77.0, 634.0)	(78.0, 534.5)	(79.0, 456.5)	(80.0, 432.0)	(81.0, 374.0)	(82.0, 283.0)	(83.0, 216.5)	(84.0, 173.0)	(85.0, 156.0)	(86.0, 124.0)	(87.0, 86.5)	(88.0, 79.0)	(89.0, 71.0)	(90.0, 58.0)	(91.0, 58.0)	(92.0, 55.0)	(93.0, 49.0)	(94.0, 47.5)	(95.0, 43.0)	(96.0, 41.0)	(97.0, 49.5)	(98.0, 69.0)	(99.0, 403.5)	(100.0, 723.0)
SC3_v3_NextGem_DI_CRISPR_A549_5K_gex_S5_L004_I1_001	(0.0, 0.0)	(1.0, 0.0)	(2.0, 0.0)	(3.0, 0.0)	(4.0, 0.0)	(5.0, 0.0)	(6.0, 0.0)	(7.0, 0.0)	(8.0, 0.0)	(9.0, 0.0)	(10.0, 0.0)	(11.0, 0.0)	(12.0, 0.0)	(13.0, 0.0)	(14.0, 0.0)	(15.0, 0.0)	(16.0, 0.0)	(17.0, 0.0)	(18.0, 0.0)	(19.0, 0.0)	(20.0, 0.0)	(21.0, 0.0)	(22.0, 0.0)	(23.0, 0.0)	(24.0, 0.0)	(25.0, 0.0)	(26.0, 0.0)	(27.0, 0.0)	(28.0, 0.0)	(29.0, 0.0)	(30.0, 0.0)	(31.0, 0.0)	(32.0, 0.0)	(33.0, 0.0)	(34.0, 0.0)	(35.0, 0.0)	(36.0, 0.0)	(37.0, 0.0)	(38.0, 0.0)	(39.0, 0.0)	(40.0, 0.0)	(41.0, 0.0)	(42.0, 0.0)	(43.0, 0.0)	(44.0, 0.0)	(45.0, 7143.0)	(46.0, 14286.0)	(47.0, 14286.0)	(48.0, 14286.0)	(49.0, 14286.0)	(50.0, 14286.0)	(51.0, 14286.0)	(52.0, 14286.0)	(53.0, 14286.0)	(54.0, 14286.0)	(55.0, 468315.5)	(56.0, 922345.0)	(57.0, 922345.0)	(58.0, 922345.0)	(59.0, 922345.0)	(60.0, 922345.0)	(61.0, 922345.0)	(62.0, 922345.0)	(63.0, 922345.0)	(64.0, 922345.0)	(65.0, 463414.0)	(66.0, 4483.0)	(67.0, 4483.0)	(68.0, 4483.0)	(69.0, 4483.0)	(70.0, 4483.0)	(71.0, 4483.0)	(72.0, 4483.0)	(73.0, 4483.0)	(74.0, 4483.0)	(75.0, 2241.5)	(76.0, 0.0)	(77.0, 0.0)	(78.0, 0.0)	(79.0, 0.0)	(80.0, 0.0)	(81.0, 0.0)	(82.0, 0.0)	(83.0, 0.0)	(84.0, 0.0)	(85.0, 0.0)	(86.0, 0.0)	(87.0, 0.0)	(88.0, 0.0)	(89.0, 0.0)	(90.0, 0.0)	(91.0, 0.0)	(92.0, 0.0)	(93.0, 0.0)	(94.0, 0.0)	(95.0, 0.0)	(96.0, 0.0)	(97.0, 0.0)	(98.0, 0.0)	(99.0, 0.0)	(100.0, 0.0)
SC3_v3_NextGem_DI_CRISPR_A549_5K_gex_S5_L004_I2_001	(0.0, 0.0)	(1.0, 0.0)	(2.0, 0.0)	(3.0, 0.0)	(4.0, 0.0)	(5.0, 0.0)	(6.0, 0.0)	(7.0, 0.0)	(8.0, 0.0)	(9.0, 0.0)	(10.0, 0.0)	(11.0, 0.0)	(12.0, 0.0)	(13.0, 0.0)	(14.0, 0.0)	(15.0, 3780.0)	(16.0, 7560.0)	(17.0, 7560.0)	(18.0, 7560.0)	(19.0, 7560.0)	(20.0, 7560.0)	(21.0, 7560.0)	(22.0, 7560.0)	(23.0, 7560.0)	(24.0, 7560.0)	(25.0, 468094.5)	(26.0, 928629.0)	(27.0, 928629.0)	(28.0, 928629.0)	(29.0, 928629.0)	(30.0, 928629.0)	(31.0, 928629.0)	(32.0, 928629.0)	(33.0, 928629.0)	(34.0, 928629.0)	(35.0, 466777.0)	(36.0, 4925.0)	(37.0, 4925.0)	(38.0, 4925.0)	(39.0, 4925.0)	(40.0, 4925.0)	(41.0, 4925.0)	(42.0, 4925.0)	(43.0, 4925.0)	(44.0, 4925.0)	(45.0, 2462.5)	(46.0, 0.0)	(47.0, 0.0)	(48.0, 0.0)	(49.0, 0.0)	(50.0, 0.0)	(51.0, 0.0)	(52.0, 0.0)	(53.0, 0.0)	(54.0, 0.0)	(55.0, 0.0)	(56.0, 0.0)	(57.0, 0.0)	(58.0, 0.0)	(59.0, 0.0)	(60.0, 0.0)	(61.0, 0.0)	(62.0, 0.0)	(63.0, 0.0)	(64.0, 0.0)	(65.0, 0.0)	(66.0, 0.0)	(67.0, 0.0)	(68.0, 0.0)	(69.0, 0.0)	(70.0, 0.0)	(71.0, 0.0)	(72.0, 0.0)	(73.0, 0.0)	(74.0, 0.0)	(75.0, 0.0)	(76.0, 0.0)	(77.0, 0.0)	(78.0, 0.0)	(79.0, 0.0)	(80.0, 0.0)	(81.0, 0.0)	(82.0, 0.0)	(83.0, 0.0)	(84.0, 0.0)	(85.0, 0.0)	(86.0, 0.0)	(87.0, 0.0)	(88.0, 0.0)	(89.0, 0.0)	(90.0, 0.0)	(91.0, 0.0)	(92.0, 0.0)	(93.0, 0.0)	(94.0, 0.0)	(95.0, 0.0)	(96.0, 0.0)	(97.0, 0.0)	(98.0, 0.0)	(99.0, 0.0)	(100.0, 0.0)
SC3_v3_NextGem_DI_CRISPR_A549_5K_gex_S5_L004_R1_001	(0.0, 2.0)	(1.0, 2.0)	(2.0, 5.0)	(3.0, 8.0)	(4.0, 8.0)	(5.0, 13.5)	(6.0, 19.0)	(7.0, 19.0)	(8.0, 19.0)	(9.0, 30.5)	(10.0, 42.0)	(11.0, 42.0)	(12.0, 42.0)	(13.0, 63.5)	(14.0, 85.0)	(15.0, 85.0)	(16.0, 163.0)	(17.0, 241.0)	(18.0, 241.0)	(19.0, 241.0)	(20.0, 641.0)	(21.0, 1041.0)	(22.0, 1041.0)	(23.0, 2870.0)	(24.0, 4699.0)	(25.0, 4699.0)	(26.0, 4699.0)	(27.0, 10413.0)	(28.0, 16127.0)	(29.0, 16127.0)	(30.0, 28620.5)	(31.0, 41114.0)	(32.0, 41114.0)	(33.0, 41114.0)	(34.0, 60935.5)	(35.0, 80757.0)	(36.0, 80757.0)	(37.0, 80757.0)	(38.0, 102863.0)	(39.0, 124969.0)	(40.0, 124969.0)	(41.0, 140708.0)	(42.0, 156447.0)	(43.0, 156447.0)	(44.0, 156447.0)	(45.0, 159599.0)	(46.0, 162751.0)	(47.0, 162751.0)	(48.0, 151481.0)	(49.0, 140211.0)	(50.0, 140211.0)	(51.0, 140211.0)	(52.0, 121014.0)	(53.0, 101817.0)	(54.0, 101817.0)	(55.0, 81608.5)	(56.0, 61400.0)	(57.0, 61400.0)	(58.0, 61400.0)	(59.0, 46107.0)	(60.0, 30814.0)	(61.0, 30814.0)	(62.0, 30814.0)	(63.0, 21847.0)	(64.0, 12880.0)	(65.0, 12880.0)	(66.0, 8503.0)	(67.0, 4126.0)	(68.0, 4126.0)	(69.0, 4126.0)	(70.0, 2665.0)	(71.0, 1204.0)	(72.0, 1204.0)	(73.0, 726.0)	(74.0, 248.0)	(75.0, 248.0)	(76.0, 248.0)	(77.0, 157.5)	(78.0, 67.0)	(79.0, 67.0)	(80.0, 45.0)	(81.0, 23.0)	(82.0, 23.0)	(83.0, 23.0)	(84.0, 19.5)	(85.0, 16.0)	(86.0, 16.0)	(87.0, 16.0)	(88.0, 10.0)	(89.0, 4.0)	(90.0, 4.0)	(91.0, 2.5)	(92.0, 1.0)	(93.0, 1.0)	(94.0, 1.0)	(95.0, 1.0)	(96.0, 1.0)	(97.0, 1.0)	(98.0, 0.5)	(99.0, 0.0)	(100.0, 0.0)
SC3_v3_NextGem_DI_CRISPR_A549_5K_gex_S5_L004_R2_001	(0.0, 73.0)	(1.0, 74.5)	(2.0, 99.5)	(3.0, 115.0)	(4.0, 116.5)	(5.0, 135.0)	(6.0, 138.0)	(7.0, 140.0)	(8.0, 157.5)	(9.0, 175.5)	(10.0, 184.0)	(11.0, 182.5)	(12.0, 202.5)	(13.0, 244.5)	(14.0, 277.0)	(15.0, 318.5)	(16.0, 467.0)	(17.0, 661.0)	(18.0, 831.5)	(19.0, 1125.0)	(20.0, 1323.0)	(21.0, 1639.0)	(22.0, 2255.0)	(23.0, 3017.0)	(24.0, 3994.0)	(25.0, 4991.5)	(26.0, 6112.0)	(27.0, 7626.5)	(28.0, 9316.0)	(29.0, 10788.5)	(30.0, 11448.0)	(31.0, 12240.5)	(32.0, 13857.5)	(33.0, 15745.0)	(34.0, 18128.5)	(35.0, 20794.5)	(36.0, 22754.5)	(37.0, 24212.0)	(38.0, 25943.0)	(39.0, 28536.0)	(40.0, 30241.0)	(41.0, 31526.5)	(42.0, 33730.0)	(43.0, 33672.5)	(44.0, 33820.0)	(45.0, 34922.0)	(46.0, 35503.5)	(47.0, 36473.5)	(48.0, 36219.5)	(49.0, 35668.5)	(50.0, 35739.0)	(51.0, 35075.0)	(52.0, 33610.0)	(53.0, 32178.5)	(54.0, 30507.0)	(55.0, 29682.5)	(56.0, 28001.0)	(57.0, 25404.5)	(58.0, 24674.0)	(59.0, 23543.5)	(60.0, 22445.0)	(61.0, 22081.0)	(62.0, 20190.5)	(63.0, 17416.5)	(64.0, 15001.5)	(65.0, 12299.5)	(66.0, 9895.5)	(67.0, 7779.5)	(68.0, 5834.0)	(69.0, 4436.0)	(70.0, 3737.0)	(71.0, 3266.5)	(72.0, 2377.0)	(73.0, 1670.5)	(74.0, 1225.5)	(75.0, 948.0)	(76.0, 761.0)	(77.0, 644.0)	(78.0, 533.0)	(79.0, 419.5)	(80.0, 367.0)	(81.0, 339.0)	(82.0, 254.5)	(83.0, 190.5)	(84.0, 169.5)	(85.0, 138.0)	(86.0, 106.0)	(87.0, 86.5)	(88.0, 70.5)	(89.0, 60.0)	(90.0, 60.0)	(91.0, 54.0)	(92.0, 49.0)	(93.0, 50.0)	(94.0, 55.0)	(95.0, 61.5)	(96.0, 54.0)	(97.0, 53.5)	(98.0, 72.5)	(99.0, 426.0)	(100.0, 769.0)
