Sample	0	1	2	3	4	5	6	7	8	9	10	11	12	13	14	15	16	17	18	19	20	21	22	23	24	25	26	27	28	29	30	31	32	33	34	35	36	37	38	39	40	41	42	43	44	45	46	47	48	49	50	51	52	53	54	55	56	57	58	59	60	61	62	63	64	65	66	67	68	69	70	71	72	73	74	75	76	77	78	79	80	81	82	83	84	85	86	87	88	89
SC3_v3_NextGem_DI_CRISPR_A549_5K_crispr_S4_L001_I1_001	(1, 35.28538222147523)	(2, 36.268948494105935)	(3, 26.889953346229856)	(4, 36.001901522866056)	(5, 36.221212690440645)	(6, 34.65196529144051)	(7, 36.242143722612745)	(8, 35.830801814301076)	(9, 36.09439396785537)	(10, 36.02289736719823)																																																																																
SC3_v3_NextGem_DI_CRISPR_A549_5K_crispr_S4_L001_I2_001	(1, 28.545308643195877)	(2, 34.63089694536994)	(3, 34.311800317030325)	(4, 35.62703897407843)	(5, 35.21147438876091)	(6, 35.12463488234396)	(7, 36.15844156414811)	(8, 35.02363336969405)	(9, 36.31447738879497)	(10, 35.87505094345634)																																																																																
SC3_v3_NextGem_DI_CRISPR_A549_5K_crispr_S4_L001_R1_001	(1, 35.684890967272054)	(2, 35.944030854982245)	(3, 35.96807067381578)	(4, 36.066504965819824)	(5, 36.06548115339281)	(6, 36.055568188434215)	(7, 36.07514915035652)	(8, 36.202531409181134)	(9, 36.148425339137866)	(10, 36.11573364618932)	(11, 36.14621293760566)	(12, 36.113002747376484)	(13, 36.144209253199136)	(14, 36.15254475609207)	(15, 36.124875456294085)	(16, 36.135254189996296)	(17, 36.11959601152558)	(18, 36.14884936445635)	(19, 36.14438281796681)	(20, 36.15518777400988)	(21, 36.16873681100005)	(22, 36.15826799938044)	(23, 36.16381548087877)	(24, 36.16341122876166)	(25, 36.170964591688886)	(26, 36.087686458542734)	(27, 36.02528003796455)	(28, 36.03483598678711)																																																														
SC3_v3_NextGem_DI_CRISPR_A549_5K_crispr_S4_L001_R2_001	(1, 36.23827037216461)	(2, 35.93961484000734)	(3, 35.96873527308439)	(4, 36.13424575672591)	(5, 36.32378727111146)	(6, 35.985445825273004)	(7, 35.542599714606794)	(8, 35.83292743344945)	(9, 35.88999179412143)	(10, 35.85220960032868)	(11, 36.00362398840851)	(12, 36.00391619238446)	(13, 36.06251956723053)	(14, 36.20082432279531)	(15, 36.44803547751732)	(16, 36.317514772229195)	(17, 36.03842372432642)	(18, 36.0122418086767)	(19, 36.180029506010506)	(20, 35.89210972369148)	(21, 36.23199787328234)	(22, 36.031196619221966)	(23, 35.634812039243215)	(24, 36.03378581009158)	(25, 35.84765956698886)	(26, 35.75301843411624)	(27, 34.930053398628836)	(28, 36.14122349979073)	(29, 36.01384673352206)	(30, 36.07397044785203)	(31, 36.042337719688504)	(32, 35.990350677726475)	(33, 35.87428747818082)	(34, 35.82149083347339)	(35, 35.89407386169525)	(36, 35.970251218523536)	(37, 36.01214404118099)	(38, 35.94529084731464)	(39, 35.92004486319691)	(40, 35.854944893186264)	(41, 35.94327398077386)	(42, 35.8882671315566)	(43, 35.83178608032534)	(44, 35.745872618839684)	(45, 35.737197675989734)	(46, 35.60328916219847)	(47, 35.37980584913267)	(48, 35.594937181637725)	(49, 35.57317457649648)	(50, 35.59337839426226)	(51, 35.65572769225868)	(52, 34.974769395038905)	(53, 34.968239844538694)	(54, 35.39912866092585)	(55, 35.89208555644535)	(56, 35.901646997823846)	(57, 35.53316570052608)	(58, 35.72276653451577)	(59, 35.69964507103523)	(60, 35.932433872372776)	(61, 35.86953312176008)	(62, 35.801352926378875)	(63, 35.75579437188778)	(64, 35.54923362366984)	(65, 35.820883356786545)	(66, 35.730791158742555)	(67, 35.79645356648135)	(68, 35.77599709114237)	(69, 35.82371422011747)	(70, 35.53883291974387)	(71, 35.59449448162905)	(72, 36.002463960594206)	(73, 35.930219273818196)	(74, 35.69454468359033)	(75, 35.74799823798806)	(76, 35.482274972729456)	(77, 35.07896318120052)	(78, 35.50572598956634)	(79, 35.519947315403435)	(80, 35.81482616609709)	(81, 35.62255704843226)	(82, 35.07912795787869)	(83, 35.48788836489905)	(84, 35.49828467478027)	(85, 35.48651632442551)	(86, 35.53562746409791)	(87, 35.66220671124425)	(88, 35.808255970682936)	(89, 35.4586416030354)	(90, 35.20746701994786)
SC3_v3_NextGem_DI_CRISPR_A549_5K_crispr_S4_L002_I1_001	(1, 35.435790662919516)	(2, 36.31204907805501)	(3, 27.17177535686884)	(4, 36.08145732128963)	(5, 36.268177287872575)	(6, 34.73069618506643)	(7, 36.279420915311356)	(8, 35.908926617745884)	(9, 36.16411908505658)	(10, 36.06612097017679)																																																																																
SC3_v3_NextGem_DI_CRISPR_A549_5K_crispr_S4_L002_I2_001	(1, 27.77854057932276)	(2, 34.60647195748415)	(3, 34.332533257437944)	(4, 35.70318446799462)	(5, 35.18811162249115)	(6, 35.1599971431014)	(7, 36.18602630294596)	(8, 35.04545715247289)	(9, 36.35135848774834)	(10, 35.935268521414294)																																																																																
SC3_v3_NextGem_DI_CRISPR_A549_5K_crispr_S4_L002_R1_001	(1, 35.757144140273724)	(2, 36.00465544612528)	(3, 36.02963058353236)	(4, 36.11827235550207)	(5, 36.13461727839287)	(6, 36.126120169379455)	(7, 36.13555226338874)	(8, 36.26085756737249)	(9, 36.21121029695513)	(10, 36.17256641477623)	(11, 36.20884253402577)	(12, 36.17979739827439)	(13, 36.203254267221745)	(14, 36.20406588614177)	(15, 36.20025668801044)	(16, 36.20065708667765)	(17, 36.18957794734)	(18, 36.20342091963999)	(19, 36.209435556916674)	(20, 36.221154251963306)	(21, 36.224542490414784)	(22, 36.228278101764026)	(23, 36.227856059925614)	(24, 36.22725979055903)	(25, 36.228847317166604)	(26, 36.15184524266865)	(27, 36.0866083960354)	(28, 36.09274315291225)																																																														
SC3_v3_NextGem_DI_CRISPR_A549_5K_crispr_S4_L002_R2_001	(1, 36.22098543522794)	(2, 35.97478029475835)	(3, 36.05575821980588)	(4, 36.1938156802611)	(5, 36.349979817742856)	(6, 36.060953663052615)	(7, 35.60310644436244)	(8, 35.916832868185516)	(9, 35.95726880493984)	(10, 35.870667984014354)	(11, 36.042330796392946)	(12, 36.01279868928955)	(13, 36.14194132752719)	(14, 36.23189034703743)	(15, 36.44640230975923)	(16, 36.361532942529806)	(17, 36.09591712396884)	(18, 36.07531498930286)	(19, 36.20144056947512)	(20, 35.95853384829652)	(21, 36.237814082995065)	(22, 36.07748796369142)	(23, 35.68498472533192)	(24, 36.05100970804444)	(25, 35.90420191347277)	(26, 35.75492246874997)	(27, 34.98669594266291)	(28, 36.21332916341568)	(29, 36.0634696817047)	(30, 36.144980028763776)	(31, 36.105695508717325)	(32, 36.02642090124329)	(33, 35.91867794853037)	(34, 35.84726738731212)	(35, 35.93275574923789)	(36, 36.024728405255395)	(37, 36.063850601517835)	(38, 36.00093823147155)	(39, 35.969648698866656)	(40, 35.91214495730343)	(41, 35.98835489173545)	(42, 35.93763195570941)	(43, 35.87576495083213)	(44, 35.791539467945924)	(45, 35.78179463011279)	(46, 35.657519541078194)	(47, 35.442396158769974)	(48, 35.64177196971254)	(49, 35.629822774892624)	(50, 35.649515896368165)	(51, 35.70969689820892)	(52, 35.03317465281648)	(53, 35.0573608966333)	(54, 35.45194837237942)	(55, 35.921927670686166)	(56, 35.91650389198326)	(57, 35.602426848786735)	(58, 35.72677985323766)	(59, 35.74895977508417)	(60, 35.974589834851784)	(61, 35.904812250900626)	(62, 35.85321276644096)	(63, 35.795877841613105)	(64, 35.617100918860835)	(65, 35.87553445105884)	(66, 35.74426969988497)	(67, 35.84135447294008)	(68, 35.823087636446665)	(69, 35.844326080345944)	(70, 35.5859098626849)	(71, 35.644797685046406)	(72, 36.02520239070469)	(73, 35.95559795212314)	(74, 35.735392753216985)	(75, 35.76804580560753)	(76, 35.50934606240376)	(77, 35.131972482872136)	(78, 35.531794359573155)	(79, 35.56389875757376)	(80, 35.84575885827943)	(81, 35.623059283892395)	(82, 35.092482352699285)	(83, 35.53036266379822)	(84, 35.500510237761056)	(85, 35.502461369644806)	(86, 35.5569437245084)	(87, 35.67866167286563)	(88, 35.82211477590119)	(89, 35.445483557141756)	(90, 35.21337461407521)
SC3_v3_NextGem_DI_CRISPR_A549_5K_crispr_S4_L003_I1_001	(1, 35.34735976443697)	(2, 36.26912808962256)	(3, 27.104794833816115)	(4, 36.04373295289518)	(5, 36.22461504563143)	(6, 34.678326487598106)	(7, 36.252621540084554)	(8, 35.86697165520641)	(9, 36.12928034648954)	(10, 36.04034662307356)																																																																																
SC3_v3_NextGem_DI_CRISPR_A549_5K_crispr_S4_L003_I2_001	(1, 29.237894399480087)	(2, 34.70383913876162)	(3, 34.38814817947214)	(4, 35.74891193428094)	(5, 35.19779816227898)	(6, 35.1986928744632)	(7, 36.196073281824326)	(8, 35.056426960215354)	(9, 36.35840456347727)	(10, 35.94503084197535)																																																																																
SC3_v3_NextGem_DI_CRISPR_A549_5K_crispr_S4_L003_R1_001	(1, 35.73039673363283)	(2, 35.98224597240414)	(3, 36.007421437259424)	(4, 36.089349920377295)	(5, 36.0953146682721)	(6, 36.09571528566802)	(7, 36.103042132708964)	(8, 36.235150170318036)	(9, 36.18733870976716)	(10, 36.14893508106382)	(11, 36.17101132523122)	(12, 36.150159189773575)	(13, 36.16601696169541)	(14, 36.16684935561805)	(15, 36.15258069936669)	(16, 36.16743804062483)	(17, 36.14357571056728)	(18, 36.180245556207176)	(19, 36.175133233104795)	(20, 36.18389117451005)	(21, 36.199370585557965)	(22, 36.1881555241244)	(23, 36.19257566939272)	(24, 36.18329024841617)	(25, 36.19388880419046)	(26, 36.118739657672435)	(27, 36.0592034613343)	(28, 36.0622203328908)																																																														
SC3_v3_NextGem_DI_CRISPR_A549_5K_crispr_S4_L003_R2_001	(1, 36.315373803851045)	(2, 36.007034173776695)	(3, 36.07216120844012)	(4, 36.207997213483445)	(5, 36.36497023746596)	(6, 36.05957848372993)	(7, 35.62192178390475)	(8, 35.92005346016583)	(9, 35.96556804764676)	(10, 35.86920398436257)	(11, 36.07389944280797)	(12, 36.015540616483406)	(13, 36.14875257758345)	(14, 36.232748691594715)	(15, 36.455761267642465)	(16, 36.369285777080904)	(17, 36.10876651016622)	(18, 36.09188938953699)	(19, 36.20995690024515)	(20, 35.963117604575054)	(21, 36.25149536007158)	(22, 36.07509016673473)	(23, 35.69650450193799)	(24, 36.070012341241444)	(25, 35.91841983145136)	(26, 35.78991512475337)	(27, 34.99316947339956)	(28, 36.20130690297158)	(29, 36.066374512721275)	(30, 36.148287416273746)	(31, 36.118922161152796)	(32, 36.035315536276464)	(33, 35.94904480571726)	(34, 35.87300762397161)	(35, 35.950493705299166)	(36, 36.027136264443094)	(37, 36.05955734003403)	(38, 35.99803363628169)	(39, 35.970457805529186)	(40, 35.91953265755114)	(41, 36.00911293293108)	(42, 35.94749575178636)	(43, 35.88364957996379)	(44, 35.807289678649205)	(45, 35.78672242667311)	(46, 35.66407563656435)	(47, 35.444301384466954)	(48, 35.644564456556935)	(49, 35.634441077527256)	(50, 35.65951193672916)	(51, 35.72680007967835)	(52, 35.04800843077053)	(53, 35.06629105076379)	(54, 35.47231233022447)	(55, 35.954922753176284)	(56, 35.94716190395643)	(57, 35.6247138645891)	(58, 35.74339899378264)	(59, 35.75948823353323)	(60, 35.97734842473901)	(61, 35.914389175317964)	(62, 35.871062403949196)	(63, 35.82707016257277)	(64, 35.62648103243554)	(65, 35.88434509627615)	(66, 35.77030712887528)	(67, 35.85903943076719)	(68, 35.83282569916082)	(69, 35.882277465382764)	(70, 35.58624457914586)	(71, 35.679366980001404)	(72, 36.046826609452566)	(73, 35.99108960141908)	(74, 35.76219573943399)	(75, 35.79449329132786)	(76, 35.55431203421273)	(77, 35.17054059979101)	(78, 35.563185709532355)	(79, 35.587078085894596)	(80, 35.86883897740184)	(81, 35.65910352955054)	(82, 35.156576857891)	(83, 35.548678908495646)	(84, 35.54988743764001)	(85, 35.519343699679396)	(86, 35.5996129590825)	(87, 35.7089915236036)	(88, 35.84918869413195)	(89, 35.46584681058476)	(90, 35.25607797795046)
SC3_v3_NextGem_DI_CRISPR_A549_5K_crispr_S4_L004_I1_001	(1, 35.33883977026546)	(2, 36.265500929396616)	(3, 27.048089134189052)	(4, 36.025139848923615)	(5, 36.231564769935886)	(6, 34.60769575553573)	(7, 36.241761766864265)	(8, 35.85776716307725)	(9, 36.12762834681654)	(10, 36.059233104975675)																																																																																
SC3_v3_NextGem_DI_CRISPR_A549_5K_crispr_S4_L004_I2_001	(1, 28.82480544191381)	(2, 34.63477349527832)	(3, 34.32747278823379)	(4, 35.739373459244966)	(5, 35.14426300825691)	(6, 35.183842560652465)	(7, 36.17441237086221)	(8, 34.97870517254259)	(9, 36.33299863336951)	(10, 35.93102031489627)																																																																																
SC3_v3_NextGem_DI_CRISPR_A549_5K_crispr_S4_L004_R1_001	(1, 35.70093313178097)	(2, 35.96776883291514)	(3, 35.979120434860945)	(4, 36.075353632117135)	(5, 36.079473297973784)	(6, 36.08083992846063)	(7, 36.09155215826548)	(8, 36.215646381065795)	(9, 36.164081347471296)	(10, 36.12558938686189)	(11, 36.15747669916991)	(12, 36.132657634894336)	(13, 36.15749207925578)	(14, 36.158748851986445)	(15, 36.153281231461506)	(16, 36.15464017190542)	(17, 36.14420148791345)	(18, 36.15841488440767)	(19, 36.15868733164299)	(20, 36.177013802528485)	(21, 36.17296664279091)	(22, 36.17023777612747)	(23, 36.17912966291246)	(24, 36.18310431653096)	(25, 36.192011583401815)	(26, 36.09507529650608)	(27, 36.03535442309298)	(28, 36.046478619483494)																																																														
SC3_v3_NextGem_DI_CRISPR_A549_5K_crispr_S4_L004_R2_001	(1, 36.26877798626339)	(2, 35.981249478175656)	(3, 36.03210043635501)	(4, 36.18727891126569)	(5, 36.33133538694099)	(6, 36.02197484696815)	(7, 35.5783780161447)	(8, 35.90719436473654)	(9, 35.94425817451564)	(10, 35.822926874283176)	(11, 36.04804299393146)	(12, 35.9810011996467)	(13, 36.12966730677119)	(14, 36.209788765506424)	(15, 36.43417762680881)	(16, 36.34325715064135)	(17, 36.0737453145667)	(18, 36.083087618152014)	(19, 36.18871255498381)	(20, 35.92439918793146)	(21, 36.2243624954409)	(22, 36.04704438692781)	(23, 35.65279785733432)	(24, 36.02049835872512)	(25, 35.88684431398226)	(26, 35.763689374997256)	(27, 34.972181818980786)	(28, 36.1882874054674)	(29, 36.031377572319364)	(30, 36.11515509718017)	(31, 36.07537560366837)	(32, 36.00913686958127)	(33, 35.90374263403745)	(34, 35.833165617158905)	(35, 35.91991589290187)	(36, 36.016445706099745)	(37, 36.036002583854426)	(38, 35.97458990099619)	(39, 35.9466904252374)	(40, 35.88740019422851)	(41, 35.978311881775475)	(42, 35.91558530015336)	(43, 35.84844463388804)	(44, 35.77102897168746)	(45, 35.74910356070959)	(46, 35.629342127812905)	(47, 35.43749752820049)	(48, 35.610968418092256)	(49, 35.59539058826631)	(50, 35.63274552109928)	(51, 35.69266963136131)	(52, 35.020595033550556)	(53, 35.0195217232727)	(54, 35.43113236980757)	(55, 35.90674834224646)	(56, 35.903914012137086)	(57, 35.586500898636444)	(58, 35.72033401152188)	(59, 35.73378719234336)	(60, 35.961889245804535)	(61, 35.90216507665874)	(62, 35.844919298492314)	(63, 35.808238892282276)	(64, 35.57981056128525)	(65, 35.85696849718984)	(66, 35.732720473530875)	(67, 35.835334209265845)	(68, 35.801890212552784)	(69, 35.861620973163944)	(70, 35.5696586060369)	(71, 35.63859874234841)	(72, 36.04012884117645)	(73, 35.95514068384256)	(74, 35.72833495190427)	(75, 35.759916859650126)	(76, 35.5562262981891)	(77, 35.14794104593373)	(78, 35.52959128520392)	(79, 35.5327529914267)	(80, 35.84211023566686)	(81, 35.63255327002597)	(82, 35.13456256838645)	(83, 35.52695250190054)	(84, 35.5031353403613)	(85, 35.480180562208055)	(86, 35.54636656457219)	(87, 35.68618253085904)	(88, 35.835411109695166)	(89, 35.41884368120158)	(90, 35.19013741008143)
SC3_v3_NextGem_DI_CRISPR_A549_5K_gex_S5_L001_I1_001	(1, 36.085149539590915)	(2, 35.92089819784253)	(3, 36.3584831574567)	(4, 36.025428665933994)	(5, 29.123858046755796)	(6, 34.437398235187416)	(7, 32.21960499781266)	(8, 35.95184430383799)	(9, 35.84607291855614)	(10, 34.89198472060691)																																																																																
SC3_v3_NextGem_DI_CRISPR_A549_5K_gex_S5_L001_I2_001	(1, 36.01356366235956)	(2, 26.868167219726637)	(3, 34.50228017199987)	(4, 35.76973570491138)	(5, 33.8751240383692)	(6, 35.66556054672912)	(7, 35.436139179052724)	(8, 34.3216514975299)	(9, 36.317665197767845)	(10, 35.67690058791519)																																																																																
SC3_v3_NextGem_DI_CRISPR_A549_5K_gex_S5_L001_R1_001	(1, 35.5029790548543)	(2, 35.74194577522647)	(3, 35.88884775023741)	(4, 35.90820947279692)	(5, 35.92034442654261)	(6, 35.902722975640465)	(7, 35.909754484053735)	(8, 36.034853447999915)	(9, 35.96134697666478)	(10, 35.906085082318796)	(11, 35.914877135327195)	(12, 35.855417675867734)	(13, 35.888509512275796)	(14, 35.86324089585045)	(15, 35.8223578493614)	(16, 35.80276565550944)	(17, 35.73850257679709)	(18, 35.73532292655862)	(19, 35.687158694422806)	(20, 35.66371997737967)	(21, 35.680225349708174)	(22, 35.670891262363824)	(23, 35.63407347339444)	(24, 35.60743483317506)	(25, 35.68257701048858)	(26, 35.591939906744486)	(27, 35.63290191099113)	(28, 35.65363259034795)																																																														
SC3_v3_NextGem_DI_CRISPR_A549_5K_gex_S5_L001_R2_001	(1, 35.29469169129651)	(2, 35.55169919228348)	(3, 35.84529187695394)	(4, 35.58667961289359)	(5, 35.73594391865217)	(6, 35.848625174720716)	(7, 35.51927209483467)	(8, 35.755538246497586)	(9, 35.767836450742095)	(10, 35.47373374163741)	(11, 35.483763510846025)	(12, 35.44821864896875)	(13, 35.46868684713138)	(14, 35.528950822120976)	(15, 35.44972418134677)	(16, 35.71617673733741)	(17, 35.80465317271476)	(18, 35.49128156976558)	(19, 35.52197906552427)	(20, 35.76196049978127)	(21, 35.52779739866199)	(22, 35.75005068234441)	(23, 35.40687786088497)	(24, 35.42712198973549)	(25, 35.493799682034975)	(26, 35.370873123419514)	(27, 35.37706170442057)	(28, 35.918607355875416)	(29, 35.75287502267368)	(30, 35.87877850215)	(31, 35.765144418006635)	(32, 35.48501829899382)	(33, 35.4079235176748)	(34, 35.40710193019707)	(35, 35.35280033290298)	(36, 35.53449493710054)	(37, 35.567718014105694)	(38, 35.40736227739781)	(39, 35.36985520854451)	(40, 35.389086757503655)	(41, 35.34823892190651)	(42, 35.36584543485451)	(43, 35.39225573777488)	(44, 35.34526520203583)	(45, 35.38202644017883)	(46, 35.30587595096083)	(47, 35.31221817949019)	(48, 35.28592311221605)	(49, 35.27931840249251)	(50, 35.29635834017989)	(51, 35.32866059901196)	(52, 35.206933344714635)	(53, 35.210221828618984)	(54, 35.22414933686154)	(55, 35.182758399931714)	(56, 35.1072566447221)	(57, 35.23080739642129)	(58, 35.00509597635535)	(59, 35.20442803640593)	(60, 35.112117881798106)	(61, 34.94595128092957)	(62, 35.06564590646707)	(63, 35.03954823358692)	(64, 35.19736025010403)	(65, 35.04071552800333)	(66, 34.99948037259526)	(67, 35.094617001525805)	(68, 35.39525186457678)	(69, 34.94401254788148)	(70, 34.971805678556564)	(71, 34.90915589889139)	(72, 34.924153604848435)	(73, 34.8843460910575)	(74, 34.982953660332264)	(75, 34.85575057884572)	(76, 34.8741413343861)	(77, 34.82403090022514)	(78, 34.778273812699396)	(79, 34.951080334183374)	(80, 34.868326202238556)	(81, 34.846556268072256)	(82, 34.77793664173451)	(83, 34.9842233864342)	(84, 34.827515711526765)	(85, 34.9967445929941)	(86, 34.664051813360935)	(87, 34.720195047001205)	(88, 34.951112344085104)	(89, 34.59027539185455)	(90, 34.42165683251353)
SC3_v3_NextGem_DI_CRISPR_A549_5K_gex_S5_L002_I1_001	(1, 36.145895063063215)	(2, 35.97824828035784)	(3, 36.443368631575176)	(4, 36.082925728125126)	(5, 29.186264592301615)	(6, 34.64637343001233)	(7, 32.35618454099452)	(8, 36.03231904069231)	(9, 35.90635505481442)	(10, 35.01971483633732)																																																																																
SC3_v3_NextGem_DI_CRISPR_A549_5K_gex_S5_L002_I2_001	(1, 36.04710885986222)	(2, 26.165672134571427)	(3, 34.42687736612318)	(4, 35.84744682848514)	(5, 33.85593401806086)	(6, 35.64171001152933)	(7, 35.53595663368906)	(8, 34.313923695461156)	(9, 36.34099915929777)	(10, 35.64861706066453)																																																																																
SC3_v3_NextGem_DI_CRISPR_A549_5K_gex_S5_L002_R1_001	(1, 35.61909649299538)	(2, 35.81274069979758)	(3, 35.95816425232881)	(4, 35.98976284180558)	(5, 35.99015102049858)	(6, 35.97296778433298)	(7, 35.98685783060852)	(8, 36.09383903453208)	(9, 36.032274737689306)	(10, 35.982724993328176)	(11, 35.9740078500702)	(12, 35.936770121210905)	(13, 35.95843007034684)	(14, 35.928280821968386)	(15, 35.89830667593514)	(16, 35.89131313046074)	(17, 35.832624309479684)	(18, 35.826691926410604)	(19, 35.78361674948867)	(20, 35.766502077494394)	(21, 35.784093534187676)	(22, 35.77867590982018)	(23, 35.74921546765511)	(24, 35.72854706191978)	(25, 35.7688997138237)	(26, 35.69182725626228)	(27, 35.73455011882698)	(28, 35.740089049036044)																																																														
SC3_v3_NextGem_DI_CRISPR_A549_5K_gex_S5_L002_R2_001	(1, 35.294122362784634)	(2, 35.59112758526482)	(3, 35.90307874225884)	(4, 35.66106409484218)	(5, 35.77895649550588)	(6, 35.91193301385945)	(7, 35.58076595672863)	(8, 35.81906337122646)	(9, 35.82236921911738)	(10, 35.53889012538804)	(11, 35.53102634235462)	(12, 35.508573158498216)	(13, 35.50549304495595)	(14, 35.57841367823573)	(15, 35.51735992076092)	(16, 35.767036878030666)	(17, 35.84307981818891)	(18, 35.54632353639228)	(19, 35.55728431030245)	(20, 35.81234197277053)	(21, 35.55727587163521)	(22, 35.79129066250922)	(23, 35.479777261378224)	(24, 35.45860148077514)	(25, 35.53113393536192)	(26, 35.42080469021125)	(27, 35.42536368018717)	(28, 35.964906747452844)	(29, 35.80109744867444)	(30, 35.938905104022396)	(31, 35.8174726824519)	(32, 35.53208539509313)	(33, 35.458019212735636)	(34, 35.45614160927494)	(35, 35.40699481127448)	(36, 35.5787744312602)	(37, 35.62442551135686)	(38, 35.46468997918814)	(39, 35.43235933532838)	(40, 35.43646791144041)	(41, 35.395727080843486)	(42, 35.41888700308117)	(43, 35.431767573788235)	(44, 35.39626504587998)	(45, 35.414047427419554)	(46, 35.372086154573175)	(47, 35.35635753367292)	(48, 35.32773673889814)	(49, 35.32005122271014)	(50, 35.350120303749826)	(51, 35.36604406882999)	(52, 35.24164334605814)	(53, 35.290250069355295)	(54, 35.285975884398695)	(55, 35.237902906804415)	(56, 35.163743899107295)	(57, 35.27461638346148)	(58, 35.049597211864345)	(59, 35.25634666888885)	(60, 35.14257761200485)	(61, 35.019496485822515)	(62, 35.115611850842335)	(63, 35.095927604673754)	(64, 35.23939655090573)	(65, 35.078791836011376)	(66, 35.049674214702904)	(67, 35.133978610088214)	(68, 35.4248742374873)	(69, 35.0029366561992)	(70, 35.02604383676664)	(71, 34.93851165116237)	(72, 34.969544849934124)	(73, 34.93547584062311)	(74, 35.04282201690476)	(75, 34.88656110597173)	(76, 34.90838771878563)	(77, 34.88621512061493)	(78, 34.81849059668761)	(79, 34.983101568853726)	(80, 34.896497636645755)	(81, 34.89164751265009)	(82, 34.811997042247135)	(83, 35.01893425961771)	(84, 34.86848337107879)	(85, 35.03161968614487)	(86, 34.71805357920797)	(87, 34.76871089864422)	(88, 35.00990277600507)	(89, 34.638493824477834)	(90, 34.46597054694167)
SC3_v3_NextGem_DI_CRISPR_A549_5K_gex_S5_L003_I1_001	(1, 36.102835464523444)	(2, 35.91386783032391)	(3, 36.431849417010255)	(4, 36.0153859470232)	(5, 29.172719288801066)	(6, 34.55102928354434)	(7, 32.225190477095246)	(8, 35.982412139866874)	(9, 35.85171392440873)	(10, 34.927808705895764)																																																																																
SC3_v3_NextGem_DI_CRISPR_A549_5K_gex_S5_L003_I2_001	(1, 35.97210347091596)	(2, 27.635213931797693)	(3, 34.64038515534782)	(4, 35.84213148566857)	(5, 34.11574505097334)	(6, 35.767847001872575)	(7, 35.52817519881608)	(8, 34.397342926327745)	(9, 36.3512378636165)	(10, 35.70176110826108)																																																																																
SC3_v3_NextGem_DI_CRISPR_A549_5K_gex_S5_L003_R1_001	(1, 35.58759307463493)	(2, 35.80266171816779)	(3, 35.94273125893274)	(4, 35.966644077529295)	(5, 35.95572106848731)	(6, 35.936931972918366)	(7, 35.947776869990015)	(8, 36.0862145039151)	(9, 36.01588206359159)	(10, 35.955742179830644)	(11, 35.939410444626)	(12, 35.90632896961866)	(13, 35.91979167326396)	(14, 35.91248081506674)	(15, 35.86433639658925)	(16, 35.867878880001015)	(17, 35.783441951194796)	(18, 35.79235516035121)	(19, 35.75463130094431)	(20, 35.731484824110844)	(21, 35.75386707031555)	(22, 35.7368998836765)	(23, 35.7068563309752)	(24, 35.70104121145333)	(25, 35.73683654964649)	(26, 35.68434741671047)	(27, 35.71617698905799)	(28, 35.70851357142706)																																																														
SC3_v3_NextGem_DI_CRISPR_A549_5K_gex_S5_L003_R2_001	(1, 35.4328142054007)	(2, 35.63222456558133)	(3, 35.9267457497588)	(4, 35.70763533954429)	(5, 35.8190420094621)	(6, 35.90691058712757)	(7, 35.591575729555245)	(8, 35.8233782793833)	(9, 35.83771077037403)	(10, 35.55781869156116)	(11, 35.55682434729004)	(12, 35.52428543380644)	(13, 35.52545711336158)	(14, 35.586449895393294)	(15, 35.54968871324251)	(16, 35.76229049630657)	(17, 35.855490743731515)	(18, 35.57555644223198)	(19, 35.57835475079115)	(20, 35.817724661637946)	(21, 35.59140683880856)	(22, 35.7944631279833)	(23, 35.492229970085226)	(24, 35.49273242005662)	(25, 35.55835914195056)	(26, 35.454197885065625)	(27, 35.45075251383321)	(28, 35.96503961543577)	(29, 35.804777074770044)	(30, 35.92683441740081)	(31, 35.82074569486931)	(32, 35.5600427715816)	(33, 35.47181213437792)	(34, 35.47787847888549)	(35, 35.442504311991875)	(36, 35.578165804268295)	(37, 35.62743123507692)	(38, 35.48326820483914)	(39, 35.456467354474235)	(40, 35.458916270301195)	(41, 35.433814883074824)	(42, 35.439016718072786)	(43, 35.46389643619413)	(44, 35.418707605783666)	(45, 35.44017467525476)	(46, 35.37938878438774)	(47, 35.40043784926079)	(48, 35.370263406230805)	(49, 35.3551001838798)	(50, 35.38053196362938)	(51, 35.38962884147281)	(52, 35.28882006590961)	(53, 35.303493505095226)	(54, 35.305637362010984)	(55, 35.284460573510756)	(56, 35.203283236115595)	(57, 35.312344435788795)	(58, 35.09462737423445)	(59, 35.27729327244822)	(60, 35.181483662986956)	(61, 35.0584277538164)	(62, 35.15694594862766)	(63, 35.12491054068261)	(64, 35.26443013095366)	(65, 35.1319458958493)	(66, 35.079872656377)	(67, 35.167461508743266)	(68, 35.438417155922046)	(69, 35.0418279045514)	(70, 35.05334730904262)	(71, 34.99519294712242)	(72, 35.02271158316075)	(73, 34.99895498850487)	(74, 35.07339147397288)	(75, 34.92874077170404)	(76, 34.969110937998096)	(77, 34.92948389098947)	(78, 34.88061007559972)	(79, 35.007914642616626)	(80, 34.93374204894032)	(81, 34.93864726956441)	(82, 34.87560140939328)	(83, 35.050648223797126)	(84, 34.9121261444987)	(85, 35.06609328258166)	(86, 34.76376195693708)	(87, 34.82691759609356)	(88, 35.04974465830235)	(89, 34.68519820384691)	(90, 34.519303156779166)
SC3_v3_NextGem_DI_CRISPR_A549_5K_gex_S5_L004_I1_001	(1, 36.094040679450096)	(2, 35.91468621229734)	(3, 36.431006233038715)	(4, 36.00745286968422)	(5, 29.16305676039247)	(6, 34.5226125634089)	(7, 32.312865391440354)	(8, 35.98968881559514)	(9, 35.82931079550405)	(10, 34.92330472185091)																																																																																
SC3_v3_NextGem_DI_CRISPR_A549_5K_gex_S5_L004_I2_001	(1, 35.9794392602809)	(2, 27.077915109115366)	(3, 34.462700586751446)	(4, 35.813025839590104)	(5, 33.983838302267316)	(6, 35.73773846739077)	(7, 35.503238714969704)	(8, 34.32213313158661)	(9, 36.3309375909826)	(10, 35.68255174187187)																																																																																
SC3_v3_NextGem_DI_CRISPR_A549_5K_gex_S5_L004_R1_001	(1, 35.551212711743744)	(2, 35.779885327388605)	(3, 35.92191594217066)	(4, 35.94965753351879)	(5, 35.9474813890772)	(6, 35.921986071825515)	(7, 35.936976816836214)	(8, 36.060575020666995)	(9, 35.97646831308428)	(10, 35.942825205022984)	(11, 35.93226962939665)	(12, 35.886479215057896)	(13, 35.91586779072461)	(14, 35.903735360434545)	(15, 35.85979169367367)	(16, 35.85381154674141)	(17, 35.783195234583694)	(18, 35.77556385305075)	(19, 35.72931228310279)	(20, 35.72567191647346)	(21, 35.729777688994105)	(22, 35.720709712107144)	(23, 35.68797828955897)	(24, 35.69928403997815)	(25, 35.73041310616992)	(26, 35.64404524850337)	(27, 35.6810375788693)	(28, 35.7046138937472)																																																														
SC3_v3_NextGem_DI_CRISPR_A549_5K_gex_S5_L004_R2_001	(1, 35.34256211256022)	(2, 35.5804291509849)	(3, 35.88467709544221)	(4, 35.65222279128777)	(5, 35.76275031505216)	(6, 35.88757791298397)	(7, 35.57236742838806)	(8, 35.79933036805318)	(9, 35.8252390252403)	(10, 35.50721272874487)	(11, 35.51860454737683)	(12, 35.496537082648864)	(13, 35.485525664265964)	(14, 35.56218056473499)	(15, 35.5135509619451)	(16, 35.75253688713588)	(17, 35.82730466234696)	(18, 35.54450257885867)	(19, 35.543088297485745)	(20, 35.781351674717406)	(21, 35.5487698620996)	(22, 35.77800989040647)	(23, 35.478156737653464)	(24, 35.45434665725938)	(25, 35.52089651200598)	(26, 35.424475674572896)	(27, 35.433005990772635)	(28, 35.954341344406735)	(29, 35.7615804249007)	(30, 35.91515161818866)	(31, 35.78554776573295)	(32, 35.51600231215347)	(33, 35.4395418620911)	(34, 35.44028247374919)	(35, 35.394164787687785)	(36, 35.55048485093198)	(37, 35.60785834659776)	(38, 35.462029042177676)	(39, 35.40633759565791)	(40, 35.42056860274101)	(41, 35.383952422342034)	(42, 35.40740122875656)	(43, 35.42805759982319)	(44, 35.383052425104715)	(45, 35.399966422771314)	(46, 35.355044128554034)	(47, 35.36719781025466)	(48, 35.33058375499674)	(49, 35.31243930065858)	(50, 35.35371910310547)	(51, 35.371628729356914)	(52, 35.24580869055183)	(53, 35.26069424108025)	(54, 35.28442144097315)	(55, 35.23536149711937)	(56, 35.16297494246181)	(57, 35.268231053836196)	(58, 35.06175978680585)	(59, 35.25141056237608)	(60, 35.14352777665618)	(61, 35.01666535616302)	(62, 35.119950399207745)	(63, 35.09122486755059)	(64, 35.22033674985177)	(65, 35.07478158862794)	(66, 35.044394196664804)	(67, 35.13617053831948)	(68, 35.412079726791866)	(69, 34.98790157196684)	(70, 35.01219405938069)	(71, 34.93377635440552)	(72, 34.97674033113948)	(73, 34.944625199497615)	(74, 35.02419048064315)	(75, 34.88146175702412)	(76, 34.94128129004563)	(77, 34.90668080593849)	(78, 34.83461621015095)	(79, 34.950813610253384)	(80, 34.89214909139594)	(81, 34.87282837148316)	(82, 34.819073991036156)	(83, 35.00969701863961)	(84, 34.8743000316646)	(85, 35.028905106076415)	(86, 34.7080906245152)	(87, 34.77825321905741)	(88, 35.00161510720274)	(89, 34.63265449244194)	(90, 34.46868285882476)
