Sample	0	1	2	3	4	5	6	7	8	9	10	11	12	13	14	15	16	17	18	19	20	21	22	23	24	25	26
SC3_v3_NextGem_DI_CRISPR_A549_5K_crispr_S4_L001_I1_001	(11.0, 4.0)	(12.0, 10.0)	(13.0, 27.0)	(14.0, 0.0)	(15.0, 56.0)	(16.0, 149.0)	(17.0, 258.0)	(18.0, 132.0)	(19.0, 390.0)	(20.0, 804.0)	(21.0, 1294.0)	(22.0, 1087.0)	(23.0, 1051.0)	(24.0, 3485.0)	(25.0, 4971.0)	(26.0, 5344.0)	(27.0, 1683.0)	(28.0, 9884.0)	(29.0, 14430.0)	(30.0, 20703.0)	(31.0, 12717.0)	(32.0, 24221.0)	(33.0, 70131.0)	(34.0, 192083.0)	(35.0, 286171.0)	(36.0, 0.0)	(37.0, 259238.0)
SC3_v3_NextGem_DI_CRISPR_A549_5K_crispr_S4_L001_I2_001	(12.0, 1.0)	(13.0, 3.0)	(14.0, 0.0)	(15.0, 14.0)	(16.0, 46.0)	(17.0, 116.0)	(18.0, 79.0)	(19.0, 227.0)	(20.0, 622.0)	(21.0, 1263.0)	(22.0, 1302.0)	(23.0, 993.0)	(24.0, 4014.0)	(25.0, 6126.0)	(26.0, 7394.0)	(27.0, 2047.0)	(28.0, 13762.0)	(29.0, 20302.0)	(30.0, 28759.0)	(31.0, 14933.0)	(32.0, 36124.0)	(33.0, 87617.0)	(34.0, 188775.0)	(35.0, 251245.0)	(36.0, 0.0)	(37.0, 244559.0)	
SC3_v3_NextGem_DI_CRISPR_A549_5K_crispr_S4_L001_R1_001	(20.0, 6.0)	(21.0, 11.0)	(22.0, 26.0)	(23.0, 74.0)	(24.0, 200.0)	(25.0, 438.0)	(26.0, 1072.0)	(27.0, 2218.0)	(28.0, 3864.0)	(29.0, 5866.0)	(30.0, 8661.0)	(31.0, 13151.0)	(32.0, 22059.0)	(33.0, 32120.0)	(34.0, 42401.0)	(35.0, 79715.0)	(36.0, 242938.0)	(37.0, 455503.0)									
SC3_v3_NextGem_DI_CRISPR_A549_5K_crispr_S4_L001_R2_001	(12.0, 1.0)	(13.0, 11.0)	(14.0, 55.0)	(15.0, 78.0)	(16.0, 94.0)	(17.0, 63.0)	(18.0, 68.0)	(19.0, 69.0)	(20.0, 92.0)	(21.0, 160.0)	(22.0, 320.0)	(23.0, 591.0)	(24.0, 847.0)	(25.0, 1336.0)	(26.0, 2056.0)	(27.0, 3159.0)	(28.0, 4815.0)	(29.0, 7079.0)	(30.0, 10289.0)	(31.0, 14601.0)	(32.0, 21795.0)	(33.0, 34367.0)	(34.0, 61141.0)	(35.0, 136858.0)	(36.0, 465029.0)	(37.0, 145349.0)	
SC3_v3_NextGem_DI_CRISPR_A549_5K_crispr_S4_L002_I1_001	(11.0, 3.0)	(12.0, 5.0)	(13.0, 29.0)	(14.0, 0.0)	(15.0, 72.0)	(16.0, 169.0)	(17.0, 273.0)	(18.0, 135.0)	(19.0, 425.0)	(20.0, 809.0)	(21.0, 1341.0)	(22.0, 1144.0)	(23.0, 1030.0)	(24.0, 3456.0)	(25.0, 4658.0)	(26.0, 5200.0)	(27.0, 1613.0)	(28.0, 9114.0)	(29.0, 13309.0)	(30.0, 18888.0)	(31.0, 11706.0)	(32.0, 22839.0)	(33.0, 66223.0)	(34.0, 186600.0)	(35.0, 298862.0)	(36.0, 0.0)	(37.0, 276176.0)
SC3_v3_NextGem_DI_CRISPR_A549_5K_crispr_S4_L002_I2_001	(13.0, 4.0)	(14.0, 0.0)	(15.0, 15.0)	(16.0, 43.0)	(17.0, 116.0)	(18.0, 100.0)	(19.0, 200.0)	(20.0, 703.0)	(21.0, 1334.0)	(22.0, 1323.0)	(23.0, 1127.0)	(24.0, 4065.0)	(25.0, 6255.0)	(26.0, 7652.0)	(27.0, 2105.0)	(28.0, 13754.0)	(29.0, 20576.0)	(30.0, 29666.0)	(31.0, 15733.0)	(32.0, 36967.0)	(33.0, 92763.0)	(34.0, 202172.0)	(35.0, 252400.0)	(36.0, 0.0)	(37.0, 235006.0)		
SC3_v3_NextGem_DI_CRISPR_A549_5K_crispr_S4_L002_R1_001	(19.0, 1.0)	(20.0, 0.0)	(21.0, 7.0)	(22.0, 28.0)	(23.0, 81.0)	(24.0, 156.0)	(25.0, 413.0)	(26.0, 988.0)	(27.0, 2177.0)	(28.0, 3663.0)	(29.0, 5606.0)	(30.0, 8491.0)	(31.0, 12268.0)	(32.0, 20760.0)	(33.0, 29976.0)	(34.0, 39407.0)	(35.0, 73545.0)	(36.0, 238215.0)	(37.0, 488297.0)								
SC3_v3_NextGem_DI_CRISPR_A549_5K_crispr_S4_L002_R2_001	(13.0, 9.0)	(14.0, 64.0)	(15.0, 100.0)	(16.0, 102.0)	(17.0, 73.0)	(18.0, 76.0)	(19.0, 68.0)	(20.0, 101.0)	(21.0, 169.0)	(22.0, 345.0)	(23.0, 634.0)	(24.0, 915.0)	(25.0, 1331.0)	(26.0, 2121.0)	(27.0, 3247.0)	(28.0, 4964.0)	(29.0, 7139.0)	(30.0, 10064.0)	(31.0, 14139.0)	(32.0, 20930.0)	(33.0, 32643.0)	(34.0, 57121.0)	(35.0, 131361.0)	(36.0, 481761.0)	(37.0, 154602.0)		
SC3_v3_NextGem_DI_CRISPR_A549_5K_crispr_S4_L003_I1_001	(11.0, 1.0)	(12.0, 5.0)	(13.0, 33.0)	(14.0, 0.0)	(15.0, 72.0)	(16.0, 156.0)	(17.0, 291.0)	(18.0, 118.0)	(19.0, 414.0)	(20.0, 820.0)	(21.0, 1360.0)	(22.0, 1133.0)	(23.0, 1030.0)	(24.0, 3393.0)	(25.0, 4793.0)	(26.0, 5294.0)	(27.0, 1649.0)	(28.0, 9419.0)	(29.0, 13770.0)	(30.0, 19470.0)	(31.0, 11813.0)	(32.0, 23050.0)	(33.0, 66525.0)	(34.0, 183071.0)	(35.0, 287173.0)	(36.0, 0.0)	(37.0, 263760.0)
SC3_v3_NextGem_DI_CRISPR_A549_5K_crispr_S4_L003_I2_001	(13.0, 4.0)	(14.0, 0.0)	(15.0, 9.0)	(16.0, 41.0)	(17.0, 97.0)	(18.0, 72.0)	(19.0, 190.0)	(20.0, 577.0)	(21.0, 1148.0)	(22.0, 1222.0)	(23.0, 904.0)	(24.0, 3579.0)	(25.0, 5761.0)	(26.0, 6782.0)	(27.0, 1859.0)	(28.0, 12446.0)	(29.0, 18738.0)	(30.0, 26808.0)	(31.0, 13560.0)	(32.0, 33453.0)	(33.0, 81458.0)	(34.0, 177354.0)	(35.0, 249007.0)	(36.0, 0.0)	(37.0, 263544.0)		
SC3_v3_NextGem_DI_CRISPR_A549_5K_crispr_S4_L003_R1_001	(20.0, 3.0)	(21.0, 14.0)	(22.0, 29.0)	(23.0, 61.0)	(24.0, 168.0)	(25.0, 422.0)	(26.0, 1011.0)	(27.0, 2236.0)	(28.0, 3846.0)	(29.0, 5772.0)	(30.0, 8475.0)	(31.0, 12716.0)	(32.0, 21076.0)	(33.0, 30096.0)	(34.0, 39198.0)	(35.0, 73638.0)	(36.0, 238304.0)	(37.0, 461548.0)									
SC3_v3_NextGem_DI_CRISPR_A549_5K_crispr_S4_L003_R2_001	(13.0, 8.0)	(14.0, 63.0)	(15.0, 112.0)	(16.0, 94.0)	(17.0, 84.0)	(18.0, 51.0)	(19.0, 66.0)	(20.0, 89.0)	(21.0, 146.0)	(22.0, 327.0)	(23.0, 519.0)	(24.0, 854.0)	(25.0, 1288.0)	(26.0, 1912.0)	(27.0, 2956.0)	(28.0, 4328.0)	(29.0, 6584.0)	(30.0, 9405.0)	(31.0, 13454.0)	(32.0, 19771.0)	(33.0, 30961.0)	(34.0, 54943.0)	(35.0, 130483.0)	(36.0, 474524.0)	(37.0, 145591.0)		
SC3_v3_NextGem_DI_CRISPR_A549_5K_crispr_S4_L004_I1_001	(11.0, 1.0)	(12.0, 8.0)	(13.0, 33.0)	(14.0, 0.0)	(15.0, 76.0)	(16.0, 153.0)	(17.0, 270.0)	(18.0, 122.0)	(19.0, 374.0)	(20.0, 807.0)	(21.0, 1320.0)	(22.0, 1155.0)	(23.0, 1044.0)	(24.0, 3423.0)	(25.0, 4852.0)	(26.0, 5229.0)	(27.0, 1669.0)	(28.0, 9690.0)	(29.0, 13916.0)	(30.0, 20062.0)	(31.0, 12707.0)	(32.0, 23836.0)	(33.0, 68694.0)	(34.0, 187846.0)	(35.0, 288630.0)	(36.0, 0.0)	(37.0, 264351.0)
SC3_v3_NextGem_DI_CRISPR_A549_5K_crispr_S4_L004_I2_001	(12.0, 1.0)	(13.0, 4.0)	(14.0, 0.0)	(15.0, 20.0)	(16.0, 43.0)	(17.0, 88.0)	(18.0, 64.0)	(19.0, 207.0)	(20.0, 533.0)	(21.0, 1215.0)	(22.0, 1200.0)	(23.0, 1054.0)	(24.0, 3720.0)	(25.0, 6043.0)	(26.0, 7099.0)	(27.0, 2053.0)	(28.0, 13186.0)	(29.0, 19829.0)	(30.0, 28260.0)	(31.0, 14734.0)	(32.0, 35441.0)	(33.0, 86490.0)	(34.0, 185661.0)	(35.0, 250547.0)	(36.0, 0.0)	(37.0, 252776.0)	
SC3_v3_NextGem_DI_CRISPR_A549_5K_crispr_S4_L004_R1_001	(20.0, 4.0)	(21.0, 11.0)	(22.0, 25.0)	(23.0, 81.0)	(24.0, 204.0)	(25.0, 446.0)	(26.0, 1049.0)	(27.0, 2190.0)	(28.0, 3765.0)	(29.0, 5859.0)	(30.0, 8576.0)	(31.0, 12987.0)	(32.0, 21589.0)	(33.0, 31478.0)	(34.0, 41590.0)	(35.0, 77546.0)	(36.0, 240523.0)	(37.0, 462345.0)									
SC3_v3_NextGem_DI_CRISPR_A549_5K_crispr_S4_L004_R2_001	(12.0, 2.0)	(13.0, 10.0)	(14.0, 36.0)	(15.0, 111.0)	(16.0, 108.0)	(17.0, 71.0)	(18.0, 56.0)	(19.0, 65.0)	(20.0, 82.0)	(21.0, 179.0)	(22.0, 359.0)	(23.0, 526.0)	(24.0, 848.0)	(25.0, 1267.0)	(26.0, 1977.0)	(27.0, 3152.0)	(28.0, 4665.0)	(29.0, 7029.0)	(30.0, 9762.0)	(31.0, 14131.0)	(32.0, 20962.0)	(33.0, 32818.0)	(34.0, 58346.0)	(35.0, 134133.0)	(36.0, 475158.0)	(37.0, 144415.0)	
SC3_v3_NextGem_DI_CRISPR_A549_5K_gex_S5_L001_I1_001	(11.0, 7.0)	(12.0, 16.0)	(13.0, 49.0)	(14.0, 0.0)	(15.0, 121.0)	(16.0, 275.0)	(17.0, 511.0)	(18.0, 220.0)	(19.0, 743.0)	(20.0, 1733.0)	(21.0, 2652.0)	(22.0, 1949.0)	(23.0, 2263.0)	(24.0, 5906.0)	(25.0, 8195.0)	(26.0, 8089.0)	(27.0, 3275.0)	(28.0, 14997.0)	(29.0, 20184.0)	(30.0, 26182.0)	(31.0, 13064.0)	(32.0, 32210.0)	(33.0, 80057.0)	(34.0, 169539.0)	(35.0, 260843.0)	(36.0, 0.0)	(37.0, 284130.0)
SC3_v3_NextGem_DI_CRISPR_A549_5K_gex_S5_L001_I2_001	(12.0, 2.0)	(13.0, 5.0)	(14.0, 0.0)	(15.0, 13.0)	(16.0, 30.0)	(17.0, 90.0)	(18.0, 71.0)	(19.0, 153.0)	(20.0, 494.0)	(21.0, 958.0)	(22.0, 897.0)	(23.0, 777.0)	(24.0, 3135.0)	(25.0, 5428.0)	(26.0, 7150.0)	(27.0, 1714.0)	(28.0, 14456.0)	(29.0, 24193.0)	(30.0, 37487.0)	(31.0, 23209.0)	(32.0, 46980.0)	(33.0, 119532.0)	(34.0, 207082.0)	(35.0, 228655.0)	(36.0, 0.0)	(37.0, 214699.0)	
SC3_v3_NextGem_DI_CRISPR_A549_5K_gex_S5_L001_R1_001	(20.0, 2.0)	(21.0, 10.0)	(22.0, 35.0)	(23.0, 62.0)	(24.0, 202.0)	(25.0, 512.0)	(26.0, 1232.0)	(27.0, 2702.0)	(28.0, 4777.0)	(29.0, 7235.0)	(30.0, 10780.0)	(31.0, 16842.0)	(32.0, 30526.0)	(33.0, 46991.0)	(34.0, 67973.0)	(35.0, 128010.0)	(36.0, 294269.0)	(37.0, 325050.0)									
SC3_v3_NextGem_DI_CRISPR_A549_5K_gex_S5_L001_R2_001	(12.0, 10.0)	(13.0, 53.0)	(14.0, 156.0)	(15.0, 197.0)	(16.0, 254.0)	(17.0, 235.0)	(18.0, 247.0)	(19.0, 302.0)	(20.0, 488.0)	(21.0, 714.0)	(22.0, 1123.0)	(23.0, 1698.0)	(24.0, 2155.0)	(25.0, 2850.0)	(26.0, 4007.0)	(27.0, 5383.0)	(28.0, 7505.0)	(29.0, 10405.0)	(30.0, 14782.0)	(31.0, 20961.0)	(32.0, 31543.0)	(33.0, 49925.0)	(34.0, 88681.0)	(35.0, 189586.0)	(36.0, 436326.0)	(37.0, 67624.0)	
SC3_v3_NextGem_DI_CRISPR_A549_5K_gex_S5_L002_I1_001	(11.0, 5.0)	(12.0, 15.0)	(13.0, 56.0)	(14.0, 0.0)	(15.0, 109.0)	(16.0, 252.0)	(17.0, 525.0)	(18.0, 253.0)	(19.0, 726.0)	(20.0, 1510.0)	(21.0, 2560.0)	(22.0, 1858.0)	(23.0, 2157.0)	(24.0, 5709.0)	(25.0, 7699.0)	(26.0, 7644.0)	(27.0, 3041.0)	(28.0, 14023.0)	(29.0, 18937.0)	(30.0, 24580.0)	(31.0, 12343.0)	(32.0, 30528.0)	(33.0, 77601.0)	(34.0, 169635.0)	(35.0, 268033.0)	(36.0, 0.0)	(37.0, 298218.0)
SC3_v3_NextGem_DI_CRISPR_A549_5K_gex_S5_L002_I2_001	(11.0, 1.0)	(12.0, 2.0)	(13.0, 1.0)	(14.0, 0.0)	(15.0, 9.0)	(16.0, 42.0)	(17.0, 93.0)	(18.0, 79.0)	(19.0, 193.0)	(20.0, 510.0)	(21.0, 1023.0)	(22.0, 997.0)	(23.0, 864.0)	(24.0, 3318.0)	(25.0, 5545.0)	(26.0, 7467.0)	(27.0, 1831.0)	(28.0, 14831.0)	(29.0, 24524.0)	(30.0, 38779.0)	(31.0, 24240.0)	(32.0, 47884.0)	(33.0, 125820.0)	(34.0, 217491.0)	(35.0, 227642.0)	(36.0, 0.0)	(37.0, 204831.0)
SC3_v3_NextGem_DI_CRISPR_A549_5K_gex_S5_L002_R1_001	(19.0, 2.0)	(20.0, 3.0)	(21.0, 10.0)	(22.0, 35.0)	(23.0, 62.0)	(24.0, 188.0)	(25.0, 472.0)	(26.0, 1138.0)	(27.0, 2491.0)	(28.0, 4397.0)	(29.0, 6936.0)	(30.0, 10225.0)	(31.0, 15705.0)	(32.0, 28271.0)	(33.0, 42999.0)	(34.0, 62126.0)	(35.0, 119985.0)	(36.0, 298550.0)	(37.0, 354422.0)								
SC3_v3_NextGem_DI_CRISPR_A549_5K_gex_S5_L002_R2_001	(12.0, 3.0)	(13.0, 48.0)	(14.0, 145.0)	(15.0, 218.0)	(16.0, 242.0)	(17.0, 235.0)	(18.0, 248.0)	(19.0, 323.0)	(20.0, 475.0)	(21.0, 755.0)	(22.0, 1135.0)	(23.0, 1662.0)	(24.0, 2228.0)	(25.0, 3008.0)	(26.0, 4082.0)	(27.0, 5686.0)	(28.0, 7461.0)	(29.0, 10228.0)	(30.0, 14275.0)	(31.0, 20195.0)	(32.0, 29844.0)	(33.0, 48122.0)	(34.0, 84111.0)	(35.0, 184977.0)	(36.0, 455806.0)	(37.0, 72505.0)	
SC3_v3_NextGem_DI_CRISPR_A549_5K_gex_S5_L003_I1_001	(11.0, 2.0)	(12.0, 12.0)	(13.0, 56.0)	(14.0, 0.0)	(15.0, 123.0)	(16.0, 292.0)	(17.0, 494.0)	(18.0, 241.0)	(19.0, 737.0)	(20.0, 1765.0)	(21.0, 2720.0)	(22.0, 1919.0)	(23.0, 2256.0)	(24.0, 6038.0)	(25.0, 8147.0)	(26.0, 8017.0)	(27.0, 3242.0)	(28.0, 14623.0)	(29.0, 19747.0)	(30.0, 25819.0)	(31.0, 12653.0)	(32.0, 31458.0)	(33.0, 79202.0)	(34.0, 170936.0)	(35.0, 266686.0)	(36.0, 0.0)	(37.0, 290173.0)
SC3_v3_NextGem_DI_CRISPR_A549_5K_gex_S5_L003_I2_001	(12.0, 1.0)	(13.0, 5.0)	(14.0, 0.0)	(15.0, 10.0)	(16.0, 40.0)	(17.0, 73.0)	(18.0, 80.0)	(19.0, 173.0)	(20.0, 495.0)	(21.0, 839.0)	(22.0, 917.0)	(23.0, 704.0)	(24.0, 2928.0)	(25.0, 5107.0)	(26.0, 6694.0)	(27.0, 1606.0)	(28.0, 13188.0)	(29.0, 21759.0)	(30.0, 34379.0)	(31.0, 20837.0)	(32.0, 43634.0)	(33.0, 113695.0)	(34.0, 201992.0)	(35.0, 238378.0)	(36.0, 0.0)	(37.0, 239824.0)	
SC3_v3_NextGem_DI_CRISPR_A549_5K_gex_S5_L003_R1_001	(21.0, 10.0)	(22.0, 25.0)	(23.0, 72.0)	(24.0, 187.0)	(25.0, 488.0)	(26.0, 1207.0)	(27.0, 2681.0)	(28.0, 4370.0)	(29.0, 7082.0)	(30.0, 10536.0)	(31.0, 16223.0)	(32.0, 29195.0)	(33.0, 44396.0)	(34.0, 63156.0)	(35.0, 123115.0)	(36.0, 300626.0)	(37.0, 343989.0)										
SC3_v3_NextGem_DI_CRISPR_A549_5K_gex_S5_L003_R2_001	(12.0, 2.0)	(13.0, 44.0)	(14.0, 149.0)	(15.0, 232.0)	(16.0, 256.0)	(17.0, 239.0)	(18.0, 259.0)	(19.0, 317.0)	(20.0, 504.0)	(21.0, 738.0)	(22.0, 1108.0)	(23.0, 1574.0)	(24.0, 2084.0)	(25.0, 2908.0)	(26.0, 3856.0)	(27.0, 5179.0)	(28.0, 7270.0)	(29.0, 9797.0)	(30.0, 13528.0)	(31.0, 19717.0)	(32.0, 29229.0)	(33.0, 46111.0)	(34.0, 83186.0)	(35.0, 187061.0)	(36.0, 459698.0)	(37.0, 72312.0)	
SC3_v3_NextGem_DI_CRISPR_A549_5K_gex_S5_L004_I1_001	(11.0, 3.0)	(12.0, 14.0)	(13.0, 58.0)	(14.0, 1.0)	(15.0, 124.0)	(16.0, 253.0)	(17.0, 475.0)	(18.0, 234.0)	(19.0, 699.0)	(20.0, 1679.0)	(21.0, 2624.0)	(22.0, 1930.0)	(23.0, 2201.0)	(24.0, 5816.0)	(25.0, 8116.0)	(26.0, 8135.0)	(27.0, 3192.0)	(28.0, 14673.0)	(29.0, 19675.0)	(30.0, 25727.0)	(31.0, 12844.0)	(32.0, 31827.0)	(33.0, 79076.0)	(34.0, 168883.0)	(35.0, 262983.0)	(36.0, 0.0)	(37.0, 289872.0)
SC3_v3_NextGem_DI_CRISPR_A549_5K_gex_S5_L004_I2_001	(12.0, 4.0)	(13.0, 4.0)	(14.0, 0.0)	(15.0, 12.0)	(16.0, 37.0)	(17.0, 88.0)	(18.0, 78.0)	(19.0, 142.0)	(20.0, 448.0)	(21.0, 942.0)	(22.0, 982.0)	(23.0, 816.0)	(24.0, 3199.0)	(25.0, 5176.0)	(26.0, 7024.0)	(27.0, 1709.0)	(28.0, 13898.0)	(29.0, 23342.0)	(30.0, 36488.0)	(31.0, 22947.0)	(32.0, 45660.0)	(33.0, 118282.0)	(34.0, 206364.0)	(35.0, 231042.0)	(36.0, 0.0)	(37.0, 222430.0)	
SC3_v3_NextGem_DI_CRISPR_A549_5K_gex_S5_L004_R1_001	(19.0, 1.0)	(20.0, 2.0)	(21.0, 7.0)	(22.0, 26.0)	(23.0, 88.0)	(24.0, 208.0)	(25.0, 432.0)	(26.0, 1232.0)	(27.0, 2615.0)	(28.0, 4606.0)	(29.0, 7182.0)	(30.0, 10657.0)	(31.0, 16333.0)	(32.0, 29328.0)	(33.0, 44756.0)	(34.0, 64716.0)	(35.0, 124114.0)	(36.0, 295488.0)	(37.0, 339323.0)								
SC3_v3_NextGem_DI_CRISPR_A549_5K_gex_S5_L004_R2_001	(12.0, 3.0)	(13.0, 46.0)	(14.0, 148.0)	(15.0, 187.0)	(16.0, 274.0)	(17.0, 249.0)	(18.0, 234.0)	(19.0, 292.0)	(20.0, 439.0)	(21.0, 747.0)	(22.0, 1065.0)	(23.0, 1585.0)	(24.0, 2164.0)	(25.0, 2913.0)	(26.0, 4031.0)	(27.0, 5203.0)	(28.0, 7272.0)	(29.0, 10268.0)	(30.0, 14341.0)	(31.0, 20421.0)	(32.0, 30147.0)	(33.0, 47713.0)	(34.0, 85941.0)	(35.0, 187218.0)	(36.0, 448615.0)	(37.0, 69598.0)	
