Sample	0	1	2	3	4	5	6	7	8	9	10	11	12	13	14	15	16	17	18	19	20	21	22	23	24	25	26	27	28	29	30	31	32	33	34	35	36	37	38	39	40	41	42	43	44	45	46	47	48	49	50	51	52	53	54	55	56	57	58	59	60	61	62	63	64	65	66	67	68	69	70	71	72	73	74	75	76	77	78	79	80	81	82	83	84	85	86	87	88	89	90	91	92	93	94	95	96	97	98	99	100
SC3_v3_NextGem_DI_CRISPR_A549_5K_crispr_S4_L001_I1_001	(0.0, 0.0)	(1.0, 0.0)	(2.0, 0.0)	(3.0, 0.0)	(4.0, 0.0)	(5.0, 0.0)	(6.0, 0.0)	(7.0, 0.0)	(8.0, 0.0)	(9.0, 0.0)	(10.0, 0.0)	(11.0, 0.0)	(12.0, 0.0)	(13.0, 0.0)	(14.0, 0.0)	(15.0, 0.0)	(16.0, 0.0)	(17.0, 0.0)	(18.0, 0.0)	(19.0, 0.0)	(20.0, 0.0)	(21.0, 0.0)	(22.0, 0.0)	(23.0, 0.0)	(24.0, 0.0)	(25.0, 0.0)	(26.0, 0.0)	(27.0, 0.0)	(28.0, 0.0)	(29.0, 0.0)	(30.0, 0.0)	(31.0, 0.0)	(32.0, 0.0)	(33.0, 0.0)	(34.0, 0.0)	(35.0, 0.0423091583976237)	(36.0, 0.0846183167952474)	(37.0, 0.0846183167952474)	(38.0, 0.0846183167952474)	(39.0, 0.0846183167952474)	(40.0, 0.0846183167952474)	(41.0, 0.0846183167952474)	(42.0, 0.0846183167952474)	(43.0, 0.0846183167952474)	(44.0, 0.0846183167952474)	(45.0, 4.970049092464982)	(46.0, 9.855479868134717)	(47.0, 9.855479868134717)	(48.0, 9.855479868134717)	(49.0, 9.855479868134717)	(50.0, 9.855479868134717)	(51.0, 9.855479868134717)	(52.0, 9.855479868134717)	(53.0, 9.855479868134717)	(54.0, 9.855479868134717)	(55.0, 4.957690841602376)	(56.0, 0.059901815070035586)	(57.0, 0.059901815070035586)	(58.0, 0.059901815070035586)	(59.0, 0.059901815070035586)	(60.0, 0.059901815070035586)	(61.0, 0.059901815070035586)	(62.0, 0.059901815070035586)	(63.0, 0.059901815070035586)	(64.0, 0.059901815070035586)	(65.0, 0.029950907535017793)	(66.0, 0.0)	(67.0, 0.0)	(68.0, 0.0)	(69.0, 0.0)	(70.0, 0.0)	(71.0, 0.0)	(72.0, 0.0)	(73.0, 0.0)	(74.0, 0.0)	(75.0, 0.0)	(76.0, 0.0)	(77.0, 0.0)	(78.0, 0.0)	(79.0, 0.0)	(80.0, 0.0)	(81.0, 0.0)	(82.0, 0.0)	(83.0, 0.0)	(84.0, 0.0)	(85.0, 0.0)	(86.0, 0.0)	(87.0, 0.0)	(88.0, 0.0)	(89.0, 0.0)	(90.0, 0.0)	(91.0, 0.0)	(92.0, 0.0)	(93.0, 0.0)	(94.0, 0.0)	(95.0, 0.0)	(96.0, 0.0)	(97.0, 0.0)	(98.0, 0.0)	(99.0, 0.0)	(100.0, 0.0)
SC3_v3_NextGem_DI_CRISPR_A549_5K_crispr_S4_L001_I2_001	(0.0, 0.0)	(1.0, 0.0)	(2.0, 0.0)	(3.0, 0.0)	(4.0, 0.0)	(5.0, 0.0)	(6.0, 0.0)	(7.0, 0.0)	(8.0, 0.0)	(9.0, 0.0)	(10.0, 0.0)	(11.0, 0.0)	(12.0, 0.0)	(13.0, 0.0)	(14.0, 0.0)	(15.0, 0.0)	(16.0, 0.0)	(17.0, 0.0)	(18.0, 0.0)	(19.0, 0.0)	(20.0, 0.0)	(21.0, 0.0)	(22.0, 0.0)	(23.0, 0.0)	(24.0, 0.0)	(25.0, 0.0)	(26.0, 0.0)	(27.0, 0.0)	(28.0, 0.0)	(29.0, 0.0)	(30.0, 0.0)	(31.0, 0.0)	(32.0, 0.0)	(33.0, 0.0)	(34.0, 0.0)	(35.0, 0.05798491304734693)	(36.0, 0.11596982609469386)	(37.0, 0.11596982609469386)	(38.0, 0.11596982609469386)	(39.0, 0.11596982609469386)	(40.0, 0.11596982609469386)	(41.0, 0.11596982609469386)	(42.0, 0.11596982609469386)	(43.0, 0.11596982609469386)	(44.0, 0.11596982609469386)	(45.0, 4.980891397888442)	(46.0, 9.84581296968219)	(47.0, 9.84581296968219)	(48.0, 9.84581296968219)	(49.0, 9.84581296968219)	(50.0, 9.84581296968219)	(51.0, 9.84581296968219)	(52.0, 9.84581296968219)	(53.0, 9.84581296968219)	(54.0, 9.84581296968219)	(55.0, 4.942015086952653)	(56.0, 0.03821720422311641)	(57.0, 0.03821720422311641)	(58.0, 0.03821720422311641)	(59.0, 0.03821720422311641)	(60.0, 0.03821720422311641)	(61.0, 0.03821720422311641)	(62.0, 0.03821720422311641)	(63.0, 0.03821720422311641)	(64.0, 0.03821720422311641)	(65.0, 0.019108602111558206)	(66.0, 0.0)	(67.0, 0.0)	(68.0, 0.0)	(69.0, 0.0)	(70.0, 0.0)	(71.0, 0.0)	(72.0, 0.0)	(73.0, 0.0)	(74.0, 0.0)	(75.0, 0.0)	(76.0, 0.0)	(77.0, 0.0)	(78.0, 0.0)	(79.0, 0.0)	(80.0, 0.0)	(81.0, 0.0)	(82.0, 0.0)	(83.0, 0.0)	(84.0, 0.0)	(85.0, 0.0)	(86.0, 0.0)	(87.0, 0.0)	(88.0, 0.0)	(89.0, 0.0)	(90.0, 0.0)	(91.0, 0.0)	(92.0, 0.0)	(93.0, 0.0)	(94.0, 0.0)	(95.0, 0.0)	(96.0, 0.0)	(97.0, 0.0)	(98.0, 0.0)	(99.0, 0.0)	(100.0, 0.0)
SC3_v3_NextGem_DI_CRISPR_A549_5K_crispr_S4_L001_R1_001	(0.0, 3.093531533836352e-05)	(1.0, 3.093531533836352e-05)	(2.0, 0.00010827360368427231)	(3.0, 0.0001856118920301811)	(4.0, 0.0001856118920301811)	(5.0, 0.00030935315338363517)	(6.0, 0.00043309441473708926)	(7.0, 0.00043309441473708926)	(8.0, 0.00043309441473708926)	(9.0, 0.0012064772981961772)	(10.0, 0.0019798601816552654)	(11.0, 0.0019798601816552654)	(12.0, 0.0019798601816552654)	(13.0, 0.0028924519841369892)	(14.0, 0.0038050437866187126)	(15.0, 0.0038050437866187126)	(16.0, 0.00527447126519098)	(17.0, 0.006743898743763247)	(18.0, 0.006743898743763247)	(19.0, 0.006743898743763247)	(20.0, 0.015869816768580486)	(21.0, 0.024995734793397725)	(22.0, 0.024995734793397725)	(23.0, 0.06849078815913683)	(24.0, 0.11198584152487595)	(25.0, 0.11198584152487595)	(26.0, 0.11198584152487595)	(27.0, 0.2518598698272866)	(28.0, 0.3917338981296973)	(29.0, 0.3917338981296973)	(30.0, 0.7158277292720626)	(31.0, 1.0399215604144278)	(32.0, 1.0399215604144278)	(33.0, 1.0399215604144278)	(34.0, 1.5656053739592395)	(35.0, 2.0912891875040507)	(36.0, 2.0912891875040507)	(37.0, 2.0912891875040507)	(38.0, 2.762662868634885)	(39.0, 3.434036549765719)	(40.0, 3.434036549765719)	(41.0, 3.9770132045846758)	(42.0, 4.5199898594036325)	(43.0, 4.5199898594036325)	(44.0, 4.5199898594036325)	(45.0, 4.730674824515557)	(46.0, 4.941359789627482)	(47.0, 4.941359789627482)	(48.0, 4.692686257280046)	(49.0, 4.444012724932611)	(50.0, 4.444012724932611)	(51.0, 4.444012724932611)	(52.0, 3.8747565197337153)	(53.0, 3.3055003145348185)	(54.0, 3.3055003145348185)	(55.0, 2.680467735780853)	(56.0, 2.055435157026887)	(57.0, 2.055435157026887)	(58.0, 2.055435157026887)	(59.0, 1.553927292419007)	(60.0, 1.052419427811127)	(61.0, 1.052419427811127)	(62.0, 1.052419427811127)	(63.0, 0.7485572929000512)	(64.0, 0.44469515798897563)	(65.0, 0.44469515798897563)	(66.0, 0.3073423578866416)	(67.0, 0.16998955778430752)	(68.0, 0.16998955778430752)	(69.0, 0.16998955778430752)	(70.0, 0.13098012514263113)	(71.0, 0.09197069250095474)	(72.0, 0.09197069250095474)	(73.0, 0.054043995896121064)	(74.0, 0.016117299291287395)	(75.0, 0.016117299291287395)	(76.0, 0.016117299291287395)	(77.0, 0.01090469865677314)	(78.0, 0.005692098022258887)	(79.0, 0.005692098022258887)	(80.0, 0.005042456400153253)	(81.0, 0.0043928147780476195)	(82.0, 0.0043928147780476195)	(83.0, 0.0043928147780476195)	(84.0, 0.0031244668491747156)	(85.0, 0.0018561189203018112)	(86.0, 0.0018561189203018112)	(87.0, 0.0018561189203018112)	(88.0, 0.0011755419828578138)	(89.0, 0.0004949650454138164)	(90.0, 0.0004949650454138164)	(91.0, 0.0002784178380452717)	(92.0, 6.187063067672704e-05)	(93.0, 6.187063067672704e-05)	(94.0, 6.187063067672704e-05)	(95.0, 3.093531533836352e-05)	(96.0, 0.0)	(97.0, 0.0)	(98.0, 0.0)	(99.0, 0.0)	(100.0, 0.0)
SC3_v3_NextGem_DI_CRISPR_A549_5K_crispr_S4_L001_R2_001	(0.0, 0.00019270718913439784)	(1.0, 0.0001445303918507984)	(2.0, 4.817679728359946e-05)	(3.0, 4.817679728359946e-05)	(4.0, 0.0001445303918507984)	(5.0, 0.0003854143782687957)	(6.0, 0.000529944770119594)	(7.0, 0.0002890607837015968)	(8.0, 0.00043359117555239515)	(9.0, 0.000626298364686793)	(10.0, 0.0004817679728359946)	(11.0, 0.0004817679728359946)	(12.0, 0.0011562431348063871)	(13.0, 0.00178254149949318)	(14.0, 0.0016861879049259812)	(15.0, 0.0023606630668963737)	(16.0, 0.003757790188120758)	(17.0, 0.004914033322927145)	(18.0, 0.006503867633285927)	(19.0, 0.009346298673018297)	(20.0, 0.011080663375227876)	(21.0, 0.01527204473890103)	(22.0, 0.024859227398337323)	(23.0, 0.03401281888222122)	(24.0, 0.040805747299208744)	(25.0, 0.04653878617595708)	(26.0, 0.05747491915933416)	(27.0, 0.0715907207634288)	(28.0, 0.08459845603000066)	(29.0, 0.09654630175633332)	(30.0, 0.10136398148469328)	(31.0, 0.1157688438724895)	(32.0, 0.14241061277032002)	(33.0, 0.1618740388728942)	(34.0, 0.17700155321994443)	(35.0, 0.18605879110926113)	(36.0, 0.2058594547928205)	(37.0, 0.2665140425728722)	(38.0, 0.3748154828664038)	(39.0, 0.4908733875225949)	(40.0, 0.5406400191165531)	(41.0, 0.7301675396302334)	(42.0, 2.2616597484785768)	(43.0, 4.6153853565661125)	(44.0, 7.317959153784191)	(45.0, 8.913333795830587)	(46.0, 7.800738839363142)	(47.0, 10.822002150612231)	(48.0, 14.981394120889075)	(49.0, 13.19745549427467)	(50.0, 11.292544929681146)	(51.0, 6.698116479933399)	(52.0, 1.5590493368945624)	(53.0, 1.012290864522992)	(54.0, 0.9175271042661517)	(55.0, 0.785908094087358)	(56.0, 0.6454727300056656)	(57.0, 0.44688797160266863)	(58.0, 0.3312636581220299)	(59.0, 0.2784137115019213)	(60.0, 0.24406365503871486)	(61.0, 0.2257564720709471)	(62.0, 0.19386343226920424)	(63.0, 0.18408354242063354)	(64.0, 0.19169547639144227)	(65.0, 0.20345061492864056)	(66.0, 0.15941702221143061)	(67.0, 0.12347713143786541)	(68.0, 0.10642254519947121)	(69.0, 0.06874828972369643)	(70.0, 0.06417149398175448)	(71.0, 0.06017281980721573)	(72.0, 0.0539580129576314)	(73.0, 0.041239338474761134)	(74.0, 0.025196464979322517)	(75.0, 0.017921768589499)	(76.0, 0.01267049768558666)	(77.0, 0.008816353902898701)	(78.0, 0.00708198920068912)	(79.0, 0.003950497377255156)	(80.0, 0.0022161326750455754)	(81.0, 0.0017343647022095806)	(82.0, 0.0011080663375227877)	(83.0, 0.0008671823511047903)	(84.0, 0.0007708287565375913)	(85.0, 0.0007226519592539919)	(86.0, 0.0006744751619703924)	(87.0, 0.0007708287565375913)	(88.0, 0.000626298364686793)	(89.0, 0.000529944770119594)	(90.0, 0.0006744751619703924)	(91.0, 0.0007226519592539919)	(92.0, 0.0006744751619703924)	(93.0, 0.0007226519592539919)	(94.0, 0.0009153591483883897)	(95.0, 0.001252596729373586)	(96.0, 0.0020234254859111773)	(97.0, 0.0022161326750455754)	(98.0, 0.0037096133908371587)	(99.0, 0.032519338166429636)	(100.0, 0.059546521442528935)
SC3_v3_NextGem_DI_CRISPR_A549_5K_crispr_S4_L002_I1_001	(0.0, 0.0)	(1.0, 0.0)	(2.0, 0.0)	(3.0, 0.0)	(4.0, 0.0)	(5.0, 0.0)	(6.0, 0.0)	(7.0, 0.0)	(8.0, 0.0)	(9.0, 0.0)	(10.0, 0.0)	(11.0, 0.0)	(12.0, 0.0)	(13.0, 0.0)	(14.0, 0.0)	(15.0, 0.0)	(16.0, 0.0)	(17.0, 0.0)	(18.0, 0.0)	(19.0, 0.0)	(20.0, 0.0)	(21.0, 0.0)	(22.0, 0.0)	(23.0, 0.0)	(24.0, 0.0)	(25.0, 0.0)	(26.0, 0.0)	(27.0, 0.0)	(28.0, 0.0)	(29.0, 0.0)	(30.0, 0.0)	(31.0, 0.0)	(32.0, 0.0)	(33.0, 0.0)	(34.0, 0.0)	(35.0, 0.039698986774940236)	(36.0, 0.07939797354988047)	(37.0, 0.07939797354988047)	(38.0, 0.07939797354988047)	(39.0, 0.07939797354988047)	(40.0, 0.07939797354988047)	(41.0, 0.07939797354988047)	(42.0, 0.07939797354988047)	(43.0, 0.07939797354988047)	(44.0, 0.07939797354988047)	(45.0, 4.972816176971882)	(46.0, 9.866234380393884)	(47.0, 9.866234380393884)	(48.0, 9.866234380393884)	(49.0, 9.866234380393884)	(50.0, 9.866234380393884)	(51.0, 9.866234380393884)	(52.0, 9.866234380393884)	(53.0, 9.866234380393884)	(54.0, 9.866234380393884)	(55.0, 4.96030101322506)	(56.0, 0.05436764605623545)	(57.0, 0.05436764605623545)	(58.0, 0.05436764605623545)	(59.0, 0.05436764605623545)	(60.0, 0.05436764605623545)	(61.0, 0.05436764605623545)	(62.0, 0.05436764605623545)	(63.0, 0.05436764605623545)	(64.0, 0.05436764605623545)	(65.0, 0.027183823028117726)	(66.0, 0.0)	(67.0, 0.0)	(68.0, 0.0)	(69.0, 0.0)	(70.0, 0.0)	(71.0, 0.0)	(72.0, 0.0)	(73.0, 0.0)	(74.0, 0.0)	(75.0, 0.0)	(76.0, 0.0)	(77.0, 0.0)	(78.0, 0.0)	(79.0, 0.0)	(80.0, 0.0)	(81.0, 0.0)	(82.0, 0.0)	(83.0, 0.0)	(84.0, 0.0)	(85.0, 0.0)	(86.0, 0.0)	(87.0, 0.0)	(88.0, 0.0)	(89.0, 0.0)	(90.0, 0.0)	(91.0, 0.0)	(92.0, 0.0)	(93.0, 0.0)	(94.0, 0.0)	(95.0, 0.0)	(96.0, 0.0)	(97.0, 0.0)	(98.0, 0.0)	(99.0, 0.0)	(100.0, 0.0)
SC3_v3_NextGem_DI_CRISPR_A549_5K_crispr_S4_L002_I2_001	(0.0, 0.0)	(1.0, 0.0)	(2.0, 0.0)	(3.0, 0.0)	(4.0, 0.0)	(5.0, 0.0)	(6.0, 0.0)	(7.0, 0.0)	(8.0, 0.0)	(9.0, 0.0)	(10.0, 0.0)	(11.0, 0.0)	(12.0, 0.0)	(13.0, 0.0)	(14.0, 0.0)	(15.0, 0.0)	(16.0, 0.0)	(17.0, 0.0)	(18.0, 0.0)	(19.0, 0.0)	(20.0, 0.0)	(21.0, 0.0)	(22.0, 0.0)	(23.0, 0.0)	(24.0, 0.0)	(25.0, 0.0)	(26.0, 0.0)	(27.0, 0.0)	(28.0, 0.0)	(29.0, 0.0)	(30.0, 0.0)	(31.0, 0.0)	(32.0, 0.0)	(33.0, 0.0)	(34.0, 0.0)	(35.0, 0.05432977050663418)	(36.0, 0.10865954101326836)	(37.0, 0.10865954101326836)	(38.0, 0.10865954101326836)	(39.0, 0.10865954101326836)	(40.0, 0.10865954101326836)	(41.0, 0.10865954101326836)	(42.0, 0.10865954101326836)	(43.0, 0.10865954101326836)	(44.0, 0.10865954101326836)	(45.0, 4.980104514873728)	(46.0, 9.85154948873419)	(47.0, 9.85154948873419)	(48.0, 9.85154948873419)	(49.0, 9.85154948873419)	(50.0, 9.85154948873419)	(51.0, 9.85154948873419)	(52.0, 9.85154948873419)	(53.0, 9.85154948873419)	(54.0, 9.85154948873419)	(55.0, 4.945670229493366)	(56.0, 0.03979097025254334)	(57.0, 0.03979097025254334)	(58.0, 0.03979097025254334)	(59.0, 0.03979097025254334)	(60.0, 0.03979097025254334)	(61.0, 0.03979097025254334)	(62.0, 0.03979097025254334)	(63.0, 0.03979097025254334)	(64.0, 0.03979097025254334)	(65.0, 0.01989548512627167)	(66.0, 0.0)	(67.0, 0.0)	(68.0, 0.0)	(69.0, 0.0)	(70.0, 0.0)	(71.0, 0.0)	(72.0, 0.0)	(73.0, 0.0)	(74.0, 0.0)	(75.0, 0.0)	(76.0, 0.0)	(77.0, 0.0)	(78.0, 0.0)	(79.0, 0.0)	(80.0, 0.0)	(81.0, 0.0)	(82.0, 0.0)	(83.0, 0.0)	(84.0, 0.0)	(85.0, 0.0)	(86.0, 0.0)	(87.0, 0.0)	(88.0, 0.0)	(89.0, 0.0)	(90.0, 0.0)	(91.0, 0.0)	(92.0, 0.0)	(93.0, 0.0)	(94.0, 0.0)	(95.0, 0.0)	(96.0, 0.0)	(97.0, 0.0)	(98.0, 0.0)	(99.0, 0.0)	(100.0, 0.0)
SC3_v3_NextGem_DI_CRISPR_A549_5K_crispr_S4_L002_R1_001	(0.0, 3.0466213806709238e-05)	(1.0, 3.0466213806709238e-05)	(2.0, 4.5699320710063857e-05)	(3.0, 6.0932427613418475e-05)	(4.0, 6.0932427613418475e-05)	(5.0, 0.0003808276725838655)	(6.0, 0.0007007229175543126)	(7.0, 0.0007007229175543126)	(8.0, 0.0007007229175543126)	(9.0, 0.0012491147660750788)	(10.0, 0.001797506614595845)	(11.0, 0.001797506614595845)	(12.0, 0.001797506614595845)	(13.0, 0.002574395066666931)	(14.0, 0.0033512835187380166)	(15.0, 0.0033512835187380166)	(16.0, 0.005224955667850635)	(17.0, 0.007098627816963253)	(18.0, 0.007098627816963253)	(19.0, 0.007098627816963253)	(20.0, 0.016375589921106215)	(21.0, 0.025652552025249183)	(22.0, 0.025652552025249183)	(23.0, 0.06839664999606224)	(24.0, 0.11114074796687531)	(25.0, 0.11114074796687531)	(26.0, 0.11114074796687531)	(27.0, 0.25207745303671225)	(28.0, 0.39301415810654916)	(29.0, 0.39301415810654916)	(30.0, 0.7118126193799547)	(31.0, 1.0306110806533602)	(32.0, 1.0306110806533602)	(33.0, 1.0306110806533602)	(34.0, 1.5710207811567685)	(35.0, 2.1114304816601774)	(36.0, 2.1114304816601774)	(37.0, 2.1114304816601774)	(38.0, 2.754876917257876)	(39.0, 3.3983233528555754)	(40.0, 3.3983233528555754)	(41.0, 3.9676911895822613)	(42.0, 4.537059026308947)	(43.0, 4.537059026308947)	(44.0, 4.537059026308947)	(45.0, 4.734175429638356)	(46.0, 4.931291832967764)	(47.0, 4.931291832967764)	(48.0, 4.678803086044661)	(49.0, 4.426314339121559)	(50.0, 4.426314339121559)	(51.0, 4.426314339121559)	(52.0, 3.8679600386859985)	(53.0, 3.309605738250438)	(54.0, 3.309605738250438)	(55.0, 2.6869372604689143)	(56.0, 2.064268782687391)	(57.0, 2.064268782687391)	(58.0, 2.064268782687391)	(59.0, 1.5610887954557813)	(60.0, 1.0579088082241717)	(61.0, 1.0579088082241717)	(62.0, 1.0579088082241717)	(63.0, 0.7542977545334107)	(64.0, 0.4506867008426498)	(65.0, 0.4506867008426498)	(66.0, 0.31011559033849334)	(67.0, 0.16954447983433693)	(68.0, 0.16954447983433693)	(69.0, 0.16954447983433693)	(70.0, 0.13216243549350468)	(71.0, 0.09478039115267245)	(72.0, 0.09478039115267245)	(73.0, 0.055326644272983984)	(74.0, 0.015872897393295515)	(75.0, 0.015872897393295515)	(76.0, 0.015872897393295515)	(77.0, 0.01061747551163817)	(78.0, 0.005362053629980826)	(79.0, 0.005362053629980826)	(80.0, 0.004965992850493606)	(81.0, 0.004569932071006385)	(82.0, 0.004569932071006385)	(83.0, 0.004569932071006385)	(84.0, 0.003275117984221243)	(85.0, 0.0019803038974361004)	(86.0, 0.0019803038974361004)	(87.0, 0.0019803038974361004)	(88.0, 0.0012643478729784333)	(89.0, 0.0005483918485207663)	(90.0, 0.0005483918485207663)	(91.0, 0.0003503614587771563)	(92.0, 0.0001523310690335462)	(93.0, 0.0001523310690335462)	(94.0, 0.0001523310690335462)	(95.0, 9.139864142012771e-05)	(96.0, 3.0466213806709238e-05)	(97.0, 3.0466213806709238e-05)	(98.0, 1.5233106903354619e-05)	(99.0, 0.0)	(100.0, 0.0)
SC3_v3_NextGem_DI_CRISPR_A549_5K_crispr_S4_L002_R2_001	(0.0, 0.0)	(1.0, 0.00014239834893861017)	(2.0, 0.00018986446525148023)	(3.0, 9.493223262574011e-05)	(4.0, 0.00014239834893861017)	(5.0, 0.00028479669787722034)	(6.0, 0.0005695933957544407)	(7.0, 0.0005695933957544407)	(8.0, 0.0011391867915088814)	(9.0, 0.0013290512567603616)	(10.0, 0.0007594578610059209)	(11.0, 0.0011866529078217514)	(12.0, 0.0013290512567603616)	(13.0, 0.0014714496056989718)	(14.0, 0.0018511785362019324)	(15.0, 0.0020410430014534127)	(16.0, 0.003085297560336554)	(17.0, 0.004604213282348396)	(18.0, 0.0076420447263720786)	(19.0, 0.011296935682463073)	(20.0, 0.012625986939223436)	(21.0, 0.016755539058443132)	(22.0, 0.02420771931956373)	(23.0, 0.033511078116886264)	(24.0, 0.04134298730850982)	(25.0, 0.04917489650013338)	(26.0, 0.06028196771734497)	(27.0, 0.06901573311891307)	(28.0, 0.08102466054606919)	(29.0, 0.09583408883568464)	(30.0, 0.1022420145379221)	(31.0, 0.11358641633669804)	(32.0, 0.1384111951683291)	(33.0, 0.15530913257571083)	(34.0, 0.1710678831915837)	(35.0, 0.18587731148119915)	(36.0, 0.2043890968432185)	(37.0, 0.2654305224215694)	(38.0, 0.36938131714675476)	(39.0, 0.4837271913444588)	(40.0, 0.5391201490815781)	(41.0, 0.7030206487099184)	(42.0, 2.2197054632550555)	(43.0, 4.621585880918906)	(44.0, 7.324211611541101)	(45.0, 8.890498517633187)	(46.0, 7.800059427577624)	(47.0, 10.858681030546343)	(48.0, 15.000289543309508)	(49.0, 13.174078184288145)	(50.0, 11.268076283744849)	(51.0, 6.676488988335677)	(52.0, 1.561208031646609)	(53.0, 1.0345714711553158)	(54.0, 0.9328990500131482)	(55.0, 0.7799632232530808)	(56.0, 0.6449221223429655)	(57.0, 0.46132318444478415)	(58.0, 0.34545839452506827)	(59.0, 0.29633096414124777)	(60.0, 0.26030418185977944)	(61.0, 0.23367569060825927)	(62.0, 0.1918105760203079)	(63.0, 0.1829344122698012)	(64.0, 0.19271243223025245)	(65.0, 0.2017784604460106)	(66.0, 0.1640903640935918)	(67.0, 0.13508856702642819)	(68.0, 0.11633945108284452)	(69.0, 0.07067704718986352)	(70.0, 0.058098526366952945)	(71.0, 0.05544042385343223)	(72.0, 0.05031408329164226)	(73.0, 0.03987153770281085)	(74.0, 0.02734048299621315)	(75.0, 0.019698438269841072)	(76.0, 0.013527843149167967)	(77.0, 0.009920418309389842)	(78.0, 0.007689510842684949)	(79.0, 0.004319416584471175)	(80.0, 0.002658102513520723)	(81.0, 0.0022783735830177627)	(82.0, 0.0015663818383247117)	(83.0, 0.0009967884425702712)	(84.0, 0.0006170595120673107)	(85.0, 0.0005695933957544407)	(86.0, 0.0006170595120673107)	(87.0, 0.0009018562099445312)	(88.0, 0.0009493223262574013)	(89.0, 0.0010442545588831413)	(90.0, 0.0014239834893861017)	(91.0, 0.0011391867915088814)	(92.0, 0.0011391867915088814)	(93.0, 0.0010442545588831413)	(94.0, 0.0007594578610059209)	(95.0, 0.0010917206751960113)	(96.0, 0.002230907466704893)	(97.0, 0.003085297560336554)	(98.0, 0.0034650264908395144)	(99.0, 0.03175483181331007)	(100.0, 0.05961744208896479)
SC3_v3_NextGem_DI_CRISPR_A549_5K_crispr_S4_L003_I1_001	(0.0, 0.0)	(1.0, 0.0)	(2.0, 0.0)	(3.0, 0.0)	(4.0, 0.0)	(5.0, 0.0)	(6.0, 0.0)	(7.0, 0.0)	(8.0, 0.0)	(9.0, 0.0)	(10.0, 0.0)	(11.0, 0.0)	(12.0, 0.0)	(13.0, 0.0)	(14.0, 0.0)	(15.0, 0.0)	(16.0, 0.0)	(17.0, 0.0)	(18.0, 0.0)	(19.0, 0.0)	(20.0, 0.0)	(21.0, 0.0)	(22.0, 0.0)	(23.0, 0.0)	(24.0, 0.0)	(25.0, 0.0)	(26.0, 0.0)	(27.0, 0.0)	(28.0, 0.0)	(29.0, 0.0)	(30.0, 0.0)	(31.0, 0.0)	(32.0, 0.0)	(33.0, 0.0)	(34.0, 0.0)	(35.0, 0.04138600265075177)	(36.0, 0.08277200530150354)	(37.0, 0.08277200530150354)	(38.0, 0.08277200530150354)	(39.0, 0.08277200530150354)	(40.0, 0.08277200530150354)	(41.0, 0.08277200530150354)	(42.0, 0.08277200530150354)	(43.0, 0.08277200530150354)	(44.0, 0.08277200530150354)	(45.0, 4.971928961633094)	(46.0, 9.861085917964687)	(47.0, 9.861085917964687)	(48.0, 9.861085917964687)	(49.0, 9.861085917964687)	(50.0, 9.861085917964687)	(51.0, 9.861085917964687)	(52.0, 9.861085917964687)	(53.0, 9.861085917964687)	(54.0, 9.861085917964687)	(55.0, 4.958613997349248)	(56.0, 0.056142076733810886)	(57.0, 0.056142076733810886)	(58.0, 0.056142076733810886)	(59.0, 0.056142076733810886)	(60.0, 0.056142076733810886)	(61.0, 0.056142076733810886)	(62.0, 0.056142076733810886)	(63.0, 0.056142076733810886)	(64.0, 0.056142076733810886)	(65.0, 0.028071038366905443)	(66.0, 0.0)	(67.0, 0.0)	(68.0, 0.0)	(69.0, 0.0)	(70.0, 0.0)	(71.0, 0.0)	(72.0, 0.0)	(73.0, 0.0)	(74.0, 0.0)	(75.0, 0.0)	(76.0, 0.0)	(77.0, 0.0)	(78.0, 0.0)	(79.0, 0.0)	(80.0, 0.0)	(81.0, 0.0)	(82.0, 0.0)	(83.0, 0.0)	(84.0, 0.0)	(85.0, 0.0)	(86.0, 0.0)	(87.0, 0.0)	(88.0, 0.0)	(89.0, 0.0)	(90.0, 0.0)	(91.0, 0.0)	(92.0, 0.0)	(93.0, 0.0)	(94.0, 0.0)	(95.0, 0.0)	(96.0, 0.0)	(97.0, 0.0)	(98.0, 0.0)	(99.0, 0.0)	(100.0, 0.0)
SC3_v3_NextGem_DI_CRISPR_A549_5K_crispr_S4_L003_I2_001	(0.0, 0.0)	(1.0, 0.0)	(2.0, 0.0)	(3.0, 0.0)	(4.0, 0.0)	(5.0, 0.0)	(6.0, 0.0)	(7.0, 0.0)	(8.0, 0.0)	(9.0, 0.0)	(10.0, 0.0)	(11.0, 0.0)	(12.0, 0.0)	(13.0, 0.0)	(14.0, 0.0)	(15.0, 0.0)	(16.0, 0.0)	(17.0, 0.0)	(18.0, 0.0)	(19.0, 0.0)	(20.0, 0.0)	(21.0, 0.0)	(22.0, 0.0)	(23.0, 0.0)	(24.0, 0.0)	(25.0, 0.0)	(26.0, 0.0)	(27.0, 0.0)	(28.0, 0.0)	(29.0, 0.0)	(30.0, 0.0)	(31.0, 0.0)	(32.0, 0.0)	(33.0, 0.0)	(34.0, 0.0)	(35.0, 0.05347129409434317)	(36.0, 0.10694258818868634)	(37.0, 0.10694258818868634)	(38.0, 0.10694258818868634)	(39.0, 0.10694258818868634)	(40.0, 0.10694258818868634)	(41.0, 0.10694258818868634)	(42.0, 0.10694258818868634)	(43.0, 0.10694258818868634)	(44.0, 0.10694258818868634)	(45.0, 4.9837137900297455)	(46.0, 9.860484991870806)	(47.0, 9.860484991870806)	(48.0, 9.860484991870806)	(49.0, 9.860484991870806)	(50.0, 9.860484991870806)	(51.0, 9.860484991870806)	(52.0, 9.860484991870806)	(53.0, 9.860484991870806)	(54.0, 9.860484991870806)	(55.0, 4.946528705905657)	(56.0, 0.032572419940508315)	(57.0, 0.032572419940508315)	(58.0, 0.032572419940508315)	(59.0, 0.032572419940508315)	(60.0, 0.032572419940508315)	(61.0, 0.032572419940508315)	(62.0, 0.032572419940508315)	(63.0, 0.032572419940508315)	(64.0, 0.032572419940508315)	(65.0, 0.016286209970254158)	(66.0, 0.0)	(67.0, 0.0)	(68.0, 0.0)	(69.0, 0.0)	(70.0, 0.0)	(71.0, 0.0)	(72.0, 0.0)	(73.0, 0.0)	(74.0, 0.0)	(75.0, 0.0)	(76.0, 0.0)	(77.0, 0.0)	(78.0, 0.0)	(79.0, 0.0)	(80.0, 0.0)	(81.0, 0.0)	(82.0, 0.0)	(83.0, 0.0)	(84.0, 0.0)	(85.0, 0.0)	(86.0, 0.0)	(87.0, 0.0)	(88.0, 0.0)	(89.0, 0.0)	(90.0, 0.0)	(91.0, 0.0)	(92.0, 0.0)	(93.0, 0.0)	(94.0, 0.0)	(95.0, 0.0)	(96.0, 0.0)	(97.0, 0.0)	(98.0, 0.0)	(99.0, 0.0)	(100.0, 0.0)
SC3_v3_NextGem_DI_CRISPR_A549_5K_crispr_S4_L003_R1_001	(0.0, 3.1334362876049564e-05)	(1.0, 3.1334362876049564e-05)	(2.0, 7.833590719012391e-05)	(3.0, 0.00012533745150419826)	(4.0, 0.00012533745150419826)	(5.0, 0.0003760123545125948)	(6.0, 0.0006266872575209913)	(7.0, 0.0006266872575209913)	(8.0, 0.0006266872575209913)	(9.0, 0.0013160432407940815)	(10.0, 0.002005399224067172)	(11.0, 0.002005399224067172)	(12.0, 0.002005399224067172)	(13.0, 0.002632086481588163)	(14.0, 0.0032587737391091545)	(15.0, 0.0032587737391091545)	(16.0, 0.005123168330234104)	(17.0, 0.0069875629213590525)	(18.0, 0.0069875629213590525)	(19.0, 0.0069875629213590525)	(20.0, 0.016043193792537377)	(21.0, 0.0250988246637157)	(22.0, 0.0250988246637157)	(23.0, 0.0680895705296557)	(24.0, 0.11108031639559572)	(25.0, 0.11108031639559572)	(26.0, 0.11108031639559572)	(27.0, 0.24658576865307205)	(28.0, 0.38209122091054837)	(29.0, 0.38209122091054837)	(30.0, 0.7075455809226372)	(31.0, 1.0329999409347261)	(32.0, 1.0329999409347261)	(33.0, 1.0329999409347261)	(34.0, 1.5654804364688741)	(35.0, 2.0979609320030224)	(36.0, 2.0979609320030224)	(37.0, 2.0979609320030224)	(38.0, 2.7580036188055685)	(39.0, 3.4180463056081147)	(40.0, 3.4180463056081147)	(41.0, 3.970909804193133)	(42.0, 4.523773302778151)	(43.0, 4.523773302778151)	(44.0, 4.523773302778151)	(45.0, 4.725785940240043)	(46.0, 4.927798577701934)	(47.0, 4.927798577701934)	(48.0, 4.692712520224373)	(49.0, 4.457626462746811)	(50.0, 4.457626462746811)	(51.0, 4.457626462746811)	(52.0, 3.894970975763027)	(53.0, 3.332315488779243)	(54.0, 3.332315488779243)	(55.0, 2.6910420853394506)	(56.0, 2.0497686818996583)	(57.0, 2.0497686818996583)	(58.0, 2.0497686818996583)	(59.0, 1.5521633322465531)	(60.0, 1.0545579825934481)	(61.0, 1.0545579825934481)	(62.0, 1.0545579825934481)	(63.0, 0.7489226071004607)	(64.0, 0.44328723160747313)	(65.0, 0.44328723160747313)	(66.0, 0.30555703958579733)	(67.0, 0.16782684756412147)	(68.0, 0.16782684756412147)	(69.0, 0.16782684756412147)	(70.0, 0.13052328856018447)	(71.0, 0.09321972955624745)	(72.0, 0.09321972955624745)	(73.0, 0.054584460130078345)	(74.0, 0.015949190703909228)	(75.0, 0.015949190703909228)	(76.0, 0.015949190703909228)	(77.0, 0.010073997664649935)	(78.0, 0.004198804625390642)	(79.0, 0.004198804625390642)	(80.0, 0.00432414207689484)	(81.0, 0.004449479528399038)	(82.0, 0.004449479528399038)	(83.0, 0.004449479528399038)	(84.0, 0.0031961050133570553)	(85.0, 0.001942730498315073)	(86.0, 0.001942730498315073)	(87.0, 0.001942730498315073)	(88.0, 0.001159371426413834)	(89.0, 0.0003760123545125948)	(90.0, 0.0003760123545125948)	(91.0, 0.00021934054013234697)	(92.0, 6.266872575209913e-05)	(93.0, 6.266872575209913e-05)	(94.0, 6.266872575209913e-05)	(95.0, 3.1334362876049564e-05)	(96.0, 0.0)	(97.0, 0.0)	(98.0, 0.0)	(99.0, 0.0)	(100.0, 0.0)
SC3_v3_NextGem_DI_CRISPR_A549_5K_crispr_S4_L003_R2_001	(0.0, 9.760630302462411e-05)	(1.0, 9.760630302462411e-05)	(2.0, 0.00019521260604924822)	(3.0, 0.00039042521209849644)	(4.0, 0.00034162206058618443)	(5.0, 0.00029281890907387236)	(6.0, 0.00043922836361080857)	(7.0, 0.00039042521209849644)	(8.0, 0.00048803151512312064)	(9.0, 0.000829653575709305)	(10.0, 0.0009760630302462413)	(11.0, 0.0007320472726846808)	(12.0, 0.0007808504241969929)	(13.0, 0.0014640945453693616)	(14.0, 0.001708110302930922)	(15.0, 0.0021473386665417306)	(16.0, 0.0038066458179603405)	(17.0, 0.004441086787620397)	(18.0, 0.006246803393575943)	(19.0, 0.011322331150856398)	(20.0, 0.014152913938570499)	(21.0, 0.016934693574772283)	(22.0, 0.02576806399850077)	(23.0, 0.03611433211911092)	(24.0, 0.04245874181571149)	(25.0, 0.04904716726987361)	(26.0, 0.0607111204813162)	(27.0, 0.0724238768442711)	(28.0, 0.08028118423775334)	(29.0, 0.09575178326715626)	(30.0, 0.10795257114523428)	(31.0, 0.11580987853871652)	(32.0, 0.13581917065876448)	(33.0, 0.15651170689998478)	(34.0, 0.1716406838688015)	(35.0, 0.18559838520132277)	(36.0, 0.2016546220488734)	(37.0, 0.25899832507584014)	(38.0, 0.3696350695542515)	(39.0, 0.48085745185081075)	(40.0, 0.5300998317267336)	(41.0, 0.7034974290499784)	(42.0, 2.2119540391440315)	(43.0, 4.595353549550816)	(44.0, 7.325694664058627)	(45.0, 8.88861559124042)	(46.0, 7.778929532153469)	(47.0, 10.848794171732434)	(48.0, 15.02239088591385)	(49.0, 13.212086783716146)	(50.0, 11.288656976312902)	(51.0, 6.6874470485806095)	(52.0, 1.5603831633031535)	(53.0, 1.0434113793332318)	(54.0, 0.938972635096884)	(55.0, 0.7828025502574854)	(56.0, 0.6488867025077011)	(57.0, 0.4547965689432361)	(58.0, 0.34035317864686426)	(59.0, 0.29067157040733066)	(60.0, 0.252409899621678)	(61.0, 0.23132693816835917)	(62.0, 0.19457816507958817)	(63.0, 0.1805716605955546)	(64.0, 0.18906340895869692)	(65.0, 0.20331392920029204)	(66.0, 0.1614408252027283)	(67.0, 0.12679058762898673)	(68.0, 0.11205203587226849)	(69.0, 0.07291190835939422)	(70.0, 0.0631512780569318)	(71.0, 0.05880779757233603)	(72.0, 0.05397628557261714)	(73.0, 0.04153148193697756)	(74.0, 0.025231229331865335)	(75.0, 0.01844759127165396)	(76.0, 0.0125424099386642)	(77.0, 0.009663023999437787)	(78.0, 0.006978850666260624)	(79.0, 0.0027817796362017873)	(80.0, 0.0018545197574678582)	(81.0, 0.001708110302930922)	(82.0, 0.0010248661817585532)	(83.0, 0.0005368346666354327)	(84.0, 0.0006832441211723689)	(85.0, 0.0005856378181477447)	(86.0, 0.00039042521209849644)	(87.0, 0.00048803151512312064)	(88.0, 0.0006344409696600568)	(89.0, 0.0006832441211723689)	(90.0, 0.0006832441211723689)	(91.0, 0.0010736693332708653)	(92.0, 0.0011224724847831774)	(93.0, 0.0011712756362954894)	(94.0, 0.0013176850908324256)	(95.0, 0.0010736693332708653)	(96.0, 0.0011712756362954894)	(97.0, 0.0020985355150294187)	(98.0, 0.0036602363634234045)	(99.0, 0.03191726108905209)	(100.0, 0.05944223854199609)
SC3_v3_NextGem_DI_CRISPR_A549_5K_crispr_S4_L004_I1_001	(0.0, 0.0)	(1.0, 0.0)	(2.0, 0.0)	(3.0, 0.0)	(4.0, 0.0)	(5.0, 0.0)	(6.0, 0.0)	(7.0, 0.0)	(8.0, 0.0)	(9.0, 0.0)	(10.0, 0.0)	(11.0, 0.0)	(12.0, 0.0)	(13.0, 0.0)	(14.0, 0.0)	(15.0, 0.0)	(16.0, 0.0)	(17.0, 0.0)	(18.0, 0.0)	(19.0, 0.0)	(20.0, 0.0)	(21.0, 0.0)	(22.0, 0.0)	(23.0, 0.0)	(24.0, 0.0)	(25.0, 0.0)	(26.0, 0.0)	(27.0, 0.0)	(28.0, 0.0)	(29.0, 0.0)	(30.0, 0.0)	(31.0, 0.0)	(32.0, 0.0)	(33.0, 0.0)	(34.0, 0.0)	(35.0, 0.042267771689216804)	(36.0, 0.08453554337843361)	(37.0, 0.08453554337843361)	(38.0, 0.08453554337843361)	(39.0, 0.08453554337843361)	(40.0, 0.08453554337843361)	(41.0, 0.08453554337843361)	(42.0, 0.08453554337843361)	(43.0, 0.08453554337843361)	(44.0, 0.08453554337843361)	(45.0, 4.970942623491103)	(46.0, 9.857349703603774)	(47.0, 9.857349703603774)	(48.0, 9.857349703603774)	(49.0, 9.857349703603774)	(50.0, 9.857349703603774)	(51.0, 9.857349703603774)	(52.0, 9.857349703603774)	(53.0, 9.857349703603774)	(54.0, 9.857349703603774)	(55.0, 4.957732228310783)	(56.0, 0.058114753017792564)	(57.0, 0.058114753017792564)	(58.0, 0.058114753017792564)	(59.0, 0.058114753017792564)	(60.0, 0.058114753017792564)	(61.0, 0.058114753017792564)	(62.0, 0.058114753017792564)	(63.0, 0.058114753017792564)	(64.0, 0.058114753017792564)	(65.0, 0.029057376508896282)	(66.0, 0.0)	(67.0, 0.0)	(68.0, 0.0)	(69.0, 0.0)	(70.0, 0.0)	(71.0, 0.0)	(72.0, 0.0)	(73.0, 0.0)	(74.0, 0.0)	(75.0, 0.0)	(76.0, 0.0)	(77.0, 0.0)	(78.0, 0.0)	(79.0, 0.0)	(80.0, 0.0)	(81.0, 0.0)	(82.0, 0.0)	(83.0, 0.0)	(84.0, 0.0)	(85.0, 0.0)	(86.0, 0.0)	(87.0, 0.0)	(88.0, 0.0)	(89.0, 0.0)	(90.0, 0.0)	(91.0, 0.0)	(92.0, 0.0)	(93.0, 0.0)	(94.0, 0.0)	(95.0, 0.0)	(96.0, 0.0)	(97.0, 0.0)	(98.0, 0.0)	(99.0, 0.0)	(100.0, 0.0)
SC3_v3_NextGem_DI_CRISPR_A549_5K_crispr_S4_L004_I2_001	(0.0, 0.0)	(1.0, 0.0)	(2.0, 0.0)	(3.0, 0.0)	(4.0, 0.0)	(5.0, 0.0)	(6.0, 0.0)	(7.0, 0.0)	(8.0, 0.0)	(9.0, 0.0)	(10.0, 0.0)	(11.0, 0.0)	(12.0, 0.0)	(13.0, 0.0)	(14.0, 0.0)	(15.0, 0.0)	(16.0, 0.0)	(17.0, 0.0)	(18.0, 0.0)	(19.0, 0.0)	(20.0, 0.0)	(21.0, 0.0)	(22.0, 0.0)	(23.0, 0.0)	(24.0, 0.0)	(25.0, 0.0)	(26.0, 0.0)	(27.0, 0.0)	(28.0, 0.0)	(29.0, 0.0)	(30.0, 0.0)	(31.0, 0.0)	(32.0, 0.0)	(33.0, 0.0)	(34.0, 0.0)	(35.0, 0.05541774510363981)	(36.0, 0.11083549020727962)	(37.0, 0.11083549020727962)	(38.0, 0.11083549020727962)	(39.0, 0.11083549020727962)	(40.0, 0.11083549020727962)	(41.0, 0.11083549020727962)	(42.0, 0.11083549020727962)	(43.0, 0.11083549020727962)	(44.0, 0.11083549020727962)	(45.0, 4.981285731235197)	(46.0, 9.851735972263114)	(47.0, 9.851735972263114)	(48.0, 9.851735972263114)	(49.0, 9.851735972263114)	(50.0, 9.851735972263114)	(51.0, 9.851735972263114)	(52.0, 9.851735972263114)	(53.0, 9.851735972263114)	(54.0, 9.851735972263114)	(55.0, 4.9445822548963605)	(56.0, 0.03742853752960667)	(57.0, 0.03742853752960667)	(58.0, 0.03742853752960667)	(59.0, 0.03742853752960667)	(60.0, 0.03742853752960667)	(61.0, 0.03742853752960667)	(62.0, 0.03742853752960667)	(63.0, 0.03742853752960667)	(64.0, 0.03742853752960667)	(65.0, 0.018714268764803334)	(66.0, 0.0)	(67.0, 0.0)	(68.0, 0.0)	(69.0, 0.0)	(70.0, 0.0)	(71.0, 0.0)	(72.0, 0.0)	(73.0, 0.0)	(74.0, 0.0)	(75.0, 0.0)	(76.0, 0.0)	(77.0, 0.0)	(78.0, 0.0)	(79.0, 0.0)	(80.0, 0.0)	(81.0, 0.0)	(82.0, 0.0)	(83.0, 0.0)	(84.0, 0.0)	(85.0, 0.0)	(86.0, 0.0)	(87.0, 0.0)	(88.0, 0.0)	(89.0, 0.0)	(90.0, 0.0)	(91.0, 0.0)	(92.0, 0.0)	(93.0, 0.0)	(94.0, 0.0)	(95.0, 0.0)	(96.0, 0.0)	(97.0, 0.0)	(98.0, 0.0)	(99.0, 0.0)	(100.0, 0.0)
SC3_v3_NextGem_DI_CRISPR_A549_5K_crispr_S4_L004_R1_001	(0.0, 6.185890972434432e-05)	(1.0, 6.185890972434432e-05)	(2.0, 9.278836458651649e-05)	(3.0, 0.00012371781944868864)	(4.0, 0.00012371781944868864)	(5.0, 0.00044847709550149633)	(6.0, 0.000773236371554304)	(7.0, 0.000773236371554304)	(8.0, 0.000773236371554304)	(9.0, 0.0010825309201760256)	(10.0, 0.0013918254687977473)	(11.0, 0.0013918254687977473)	(12.0, 0.0013918254687977473)	(13.0, 0.0021959912952142237)	(14.0, 0.0030001571216306997)	(15.0, 0.0030001571216306997)	(16.0, 0.005010571687671891)	(17.0, 0.007020986253713081)	(18.0, 0.007020986253713081)	(19.0, 0.007020986253713081)	(20.0, 0.01612971071062278)	(21.0, 0.025238435167532484)	(22.0, 0.025238435167532484)	(23.0, 0.06883350179576414)	(24.0, 0.11242856842399582)	(25.0, 0.11242856842399582)	(26.0, 0.11242856842399582)	(27.0, 0.24604381342857956)	(28.0, 0.3796590584331633)	(29.0, 0.3796590584331633)	(30.0, 0.709073217442728)	(31.0, 1.0384873764522926)	(32.0, 1.0384873764522926)	(33.0, 1.0384873764522926)	(34.0, 1.568525444425337)	(35.0, 2.098563512398381)	(36.0, 2.098563512398381)	(37.0, 2.098563512398381)	(38.0, 2.7569742827768713)	(39.0, 3.415385053155361)	(40.0, 3.415385053155361)	(41.0, 3.9714038632126303)	(42.0, 4.527422673269899)	(43.0, 4.527422673269899)	(44.0, 4.527422673269899)	(45.0, 4.7326550710078426)	(46.0, 4.937887468745786)	(47.0, 4.937887468745786)	(48.0, 4.6897559171140095)	(49.0, 4.441624365482234)	(50.0, 4.441624365482234)	(51.0, 4.441624365482234)	(52.0, 3.8752287233187057)	(53.0, 3.3088330811551785)	(54.0, 3.3088330811551785)	(55.0, 2.685109694404614)	(56.0, 2.0613863076540504)	(57.0, 2.0613863076540504)	(58.0, 2.0613863076540504)	(59.0, 1.5593393963312718)	(60.0, 1.0572924850084933)	(61.0, 1.0572924850084933)	(62.0, 1.0572924850084933)	(63.0, 0.7512919233295929)	(64.0, 0.44529136165069266)	(65.0, 0.44529136165069266)	(66.0, 0.30734599296540477)	(67.0, 0.16940062428011693)	(68.0, 0.16940062428011693)	(69.0, 0.16940062428011693)	(70.0, 0.13247085517468338)	(71.0, 0.09554108606924981)	(72.0, 0.09554108606924981)	(73.0, 0.055688483479340974)	(74.0, 0.015835880889432146)	(75.0, 0.015835880889432146)	(76.0, 0.015835880889432146)	(77.0, 0.010376832106258761)	(78.0, 0.004917783323085374)	(79.0, 0.004917783323085374)	(80.0, 0.004484770955014964)	(81.0, 0.004051758586944554)	(82.0, 0.004051758586944554)	(83.0, 0.004051758586944554)	(84.0, 0.0030001571216306997)	(85.0, 0.0019485556563168464)	(86.0, 0.0019485556563168464)	(87.0, 0.0019485556563168464)	(88.0, 0.0011753192847625423)	(89.0, 0.00040208291320823815)	(90.0, 0.00040208291320823815)	(91.0, 0.0002629003663284634)	(92.0, 0.00012371781944868864)	(93.0, 0.00012371781944868864)	(94.0, 0.00012371781944868864)	(95.0, 6.185890972434432e-05)	(96.0, 0.0)	(97.0, 0.0)	(98.0, 0.0)	(99.0, 0.0)	(100.0, 0.0)
SC3_v3_NextGem_DI_CRISPR_A549_5K_crispr_S4_L004_R2_001	(0.0, 0.0)	(1.0, 0.00014463630718437466)	(2.0, 0.00014463630718437466)	(3.0, 0.0)	(4.0, 0.00014463630718437466)	(5.0, 0.0002892726143687493)	(6.0, 0.00024106051197395775)	(7.0, 0.000530333126342707)	(8.0, 0.0006749694335270817)	(9.0, 0.00043390892155312395)	(10.0, 0.00038569681915833235)	(11.0, 0.0007713936383166647)	(12.0, 0.0013499388670541635)	(13.0, 0.0013499388670541635)	(14.0, 0.001060666252685414)	(15.0, 0.0016874235838177042)	(16.0, 0.0027480898365031185)	(17.0, 0.00404981660116249)	(18.0, 0.007280027461613525)	(19.0, 0.01152269247235518)	(20.0, 0.013499388670541634)	(21.0, 0.016247478507044753)	(22.0, 0.02241862761357807)	(23.0, 0.03157892706858846)	(24.0, 0.04059459021641448)	(25.0, 0.049562041261845706)	(26.0, 0.061470430553359226)	(27.0, 0.07212530518260815)	(28.0, 0.08306945242622583)	(29.0, 0.09714738632550497)	(30.0, 0.10471668640148725)	(31.0, 0.11344307693494451)	(32.0, 0.13321003891680905)	(33.0, 0.15191633464598817)	(34.0, 0.1683566615626121)	(35.0, 0.18455592796726206)	(36.0, 0.20721561609281408)	(37.0, 0.261116746570191)	(38.0, 0.36482097882138764)	(39.0, 0.4804818124664926)	(40.0, 0.5311045199810237)	(41.0, 0.7155158116411013)	(42.0, 2.2504927276864746)	(43.0, 4.634629403211312)	(44.0, 7.346994071839889)	(45.0, 8.900436223102467)	(46.0, 7.791557868022263)	(47.0, 10.85982427652919)	(48.0, 15.045791854854574)	(49.0, 13.212960570214177)	(50.0, 11.245955004609078)	(51.0, 6.668456942735593)	(52.0, 1.5607703908265869)	(53.0, 1.0300997797671163)	(54.0, 0.9203208226141759)	(55.0, 0.7687901847873461)	(56.0, 0.648308140902762)	(57.0, 0.46466824288100095)	(58.0, 0.3451504410443127)	(59.0, 0.2880673118088795)	(60.0, 0.24511032857512022)	(61.0, 0.2275129112010213)	(62.0, 0.19424656054861517)	(63.0, 0.18224174705231208)	(64.0, 0.18923250189955684)	(65.0, 0.20147837590783388)	(66.0, 0.157508938523784)	(67.0, 0.12120522542050595)	(68.0, 0.1067415947020685)	(69.0, 0.06571309556410089)	(70.0, 0.05573319036837903)	(71.0, 0.055540341958799866)	(72.0, 0.05356364576061341)	(73.0, 0.03977498447570303)	(74.0, 0.023141809149499943)	(75.0, 0.017597417374098916)	(76.0, 0.012631570827435386)	(77.0, 0.007858572690351022)	(78.0, 0.006026512799348943)	(79.0, 0.0039051802939781156)	(80.0, 0.002892726143687493)	(81.0, 0.001928484095791662)	(82.0, 0.0008678178431062479)	(83.0, 0.0006749694335270817)	(84.0, 0.00043390892155312395)	(85.0, 0.000530333126342707)	(86.0, 0.0006749694335270817)	(87.0, 0.0005785452287374986)	(88.0, 0.0006267573311322902)	(89.0, 0.000530333126342707)	(90.0, 0.00038569681915833235)	(91.0, 0.0006267573311322902)	(92.0, 0.0006749694335270817)	(93.0, 0.0009160299455010395)	(94.0, 0.001590999379028121)	(95.0, 0.0017356356862124958)	(96.0, 0.0016874235838177042)	(97.0, 0.0023141809149499946)	(98.0, 0.003856968191583324)	(99.0, 0.030759321327877006)	(100.0, 0.05669743241627487)
SC3_v3_NextGem_DI_CRISPR_A549_5K_gex_S5_L001_I1_001	(0.0, 0.0)	(1.0, 0.0)	(2.0, 0.0)	(3.0, 0.0)	(4.0, 0.0)	(5.0, 0.0)	(6.0, 0.0)	(7.0, 0.0)	(8.0, 0.0)	(9.0, 0.0)	(10.0, 0.0)	(11.0, 0.0)	(12.0, 0.0)	(13.0, 0.0)	(14.0, 0.0)	(15.0, 0.0)	(16.0, 0.0)	(17.0, 0.0)	(18.0, 0.0)	(19.0, 0.0)	(20.0, 0.0)	(21.0, 0.0)	(22.0, 0.0)	(23.0, 0.0)	(24.0, 0.0)	(25.0, 0.0)	(26.0, 0.0)	(27.0, 0.0)	(28.0, 0.0)	(29.0, 0.0)	(30.0, 0.0)	(31.0, 0.0)	(32.0, 0.0)	(33.0, 0.0)	(34.0, 0.0)	(35.0, 0.0)	(36.0, 0.0)	(37.0, 0.0)	(38.0, 0.0)	(39.0, 0.0)	(40.0, 0.0)	(41.0, 0.0)	(42.0, 0.0)	(43.0, 0.0)	(44.0, 0.0)	(45.0, 0.0796833153722218)	(46.0, 0.1593666307444436)	(47.0, 0.1593666307444436)	(48.0, 0.1593666307444436)	(49.0, 0.1593666307444436)	(50.0, 0.1593666307444436)	(51.0, 0.1593666307444436)	(52.0, 0.1593666307444436)	(53.0, 0.1593666307444436)	(54.0, 0.1593666307444436)	(55.0, 4.976253987900257)	(56.0, 9.793141345056071)	(57.0, 9.793141345056071)	(58.0, 9.793141345056071)	(59.0, 9.793141345056071)	(60.0, 9.793141345056071)	(61.0, 9.793141345056071)	(62.0, 9.793141345056071)	(63.0, 9.793141345056071)	(64.0, 9.793141345056071)	(65.0, 4.920316684627778)	(66.0, 0.047492024199485706)	(67.0, 0.047492024199485706)	(68.0, 0.047492024199485706)	(69.0, 0.047492024199485706)	(70.0, 0.047492024199485706)	(71.0, 0.047492024199485706)	(72.0, 0.047492024199485706)	(73.0, 0.047492024199485706)	(74.0, 0.047492024199485706)	(75.0, 0.023746012099742853)	(76.0, 0.0)	(77.0, 0.0)	(78.0, 0.0)	(79.0, 0.0)	(80.0, 0.0)	(81.0, 0.0)	(82.0, 0.0)	(83.0, 0.0)	(84.0, 0.0)	(85.0, 0.0)	(86.0, 0.0)	(87.0, 0.0)	(88.0, 0.0)	(89.0, 0.0)	(90.0, 0.0)	(91.0, 0.0)	(92.0, 0.0)	(93.0, 0.0)	(94.0, 0.0)	(95.0, 0.0)	(96.0, 0.0)	(97.0, 0.0)	(98.0, 0.0)	(99.0, 0.0)	(100.0, 0.0)
SC3_v3_NextGem_DI_CRISPR_A549_5K_gex_S5_L001_I2_001	(0.0, 0.0)	(1.0, 0.0)	(2.0, 0.0)	(3.0, 0.0)	(4.0, 0.0)	(5.0, 0.0)	(6.0, 0.0)	(7.0, 0.0)	(8.0, 0.0)	(9.0, 0.0)	(10.0, 0.0)	(11.0, 0.0)	(12.0, 0.0)	(13.0, 0.0)	(14.0, 0.0)	(15.0, 0.041559522412266195)	(16.0, 0.08311904482453239)	(17.0, 0.08311904482453239)	(18.0, 0.08311904482453239)	(19.0, 0.08311904482453239)	(20.0, 0.08311904482453239)	(21.0, 0.08311904482453239)	(22.0, 0.08311904482453239)	(23.0, 0.08311904482453239)	(24.0, 0.08311904482453239)	(25.0, 4.973015652841946)	(26.0, 9.862912260859359)	(27.0, 9.862912260859359)	(28.0, 9.862912260859359)	(29.0, 9.862912260859359)	(30.0, 9.862912260859359)	(31.0, 9.862912260859359)	(32.0, 9.862912260859359)	(33.0, 9.862912260859359)	(34.0, 9.862912260859359)	(35.0, 4.958440477587734)	(36.0, 0.053968694316108456)	(37.0, 0.053968694316108456)	(38.0, 0.053968694316108456)	(39.0, 0.053968694316108456)	(40.0, 0.053968694316108456)	(41.0, 0.053968694316108456)	(42.0, 0.053968694316108456)	(43.0, 0.053968694316108456)	(44.0, 0.053968694316108456)	(45.0, 0.026984347158054228)	(46.0, 0.0)	(47.0, 0.0)	(48.0, 0.0)	(49.0, 0.0)	(50.0, 0.0)	(51.0, 0.0)	(52.0, 0.0)	(53.0, 0.0)	(54.0, 0.0)	(55.0, 0.0)	(56.0, 0.0)	(57.0, 0.0)	(58.0, 0.0)	(59.0, 0.0)	(60.0, 0.0)	(61.0, 0.0)	(62.0, 0.0)	(63.0, 0.0)	(64.0, 0.0)	(65.0, 0.0)	(66.0, 0.0)	(67.0, 0.0)	(68.0, 0.0)	(69.0, 0.0)	(70.0, 0.0)	(71.0, 0.0)	(72.0, 0.0)	(73.0, 0.0)	(74.0, 0.0)	(75.0, 0.0)	(76.0, 0.0)	(77.0, 0.0)	(78.0, 0.0)	(79.0, 0.0)	(80.0, 0.0)	(81.0, 0.0)	(82.0, 0.0)	(83.0, 0.0)	(84.0, 0.0)	(85.0, 0.0)	(86.0, 0.0)	(87.0, 0.0)	(88.0, 0.0)	(89.0, 0.0)	(90.0, 0.0)	(91.0, 0.0)	(92.0, 0.0)	(93.0, 0.0)	(94.0, 0.0)	(95.0, 0.0)	(96.0, 0.0)	(97.0, 0.0)	(98.0, 0.0)	(99.0, 0.0)	(100.0, 0.0)
SC3_v3_NextGem_DI_CRISPR_A549_5K_gex_S5_L001_R1_001	(0.0, 0.0)	(1.0, 0.0)	(2.0, 0.0001201365532132098)	(3.0, 0.0002402731064264196)	(4.0, 0.0002402731064264196)	(5.0, 0.0002552901755780708)	(6.0, 0.00027030724472972207)	(7.0, 0.00027030724472972207)	(8.0, 0.00027030724472972207)	(9.0, 0.0005556315586110953)	(10.0, 0.0008409558724924686)	(11.0, 0.0008409558724924686)	(12.0, 0.0008409558724924686)	(13.0, 0.0017569970907431933)	(14.0, 0.002673038308993918)	(15.0, 0.002673038308993918)	(16.0, 0.004204779362462343)	(17.0, 0.005736520415930767)	(18.0, 0.005736520415930767)	(19.0, 0.005736520415930767)	(20.0, 0.0183808926416211)	(21.0, 0.03102526486731143)	(22.0, 0.03102526486731143)	(23.0, 0.08615292572302306)	(24.0, 0.1412805865787347)	(25.0, 0.1412805865787347)	(26.0, 0.1412805865787347)	(27.0, 0.31448746217387996)	(28.0, 0.48769433776902515)	(29.0, 0.48769433776902515)	(30.0, 0.8585708946073554)	(31.0, 1.2294474514456857)	(32.0, 1.2294474514456857)	(33.0, 1.2294474514456857)	(34.0, 1.8198435251428537)	(35.0, 2.4102395988400214)	(36.0, 2.4102395988400214)	(37.0, 2.4102395988400214)	(38.0, 3.074624772247375)	(39.0, 3.739009945654728)	(40.0, 3.739009945654728)	(41.0, 4.208308373712981)	(42.0, 4.677606801771233)	(43.0, 4.677606801771233)	(44.0, 4.677606801771233)	(45.0, 4.779843008555675)	(46.0, 4.8820792153401165)	(47.0, 4.8820792153401165)	(48.0, 4.543098913379893)	(49.0, 4.20411861141967)	(50.0, 4.20411861141967)	(51.0, 4.20411861141967)	(52.0, 3.6231983083571944)	(53.0, 3.042278005294718)	(54.0, 3.042278005294718)	(55.0, 2.4397331226538648)	(56.0, 1.8371882400130108)	(57.0, 1.8371882400130108)	(58.0, 1.8371882400130108)	(59.0, 1.3767198486159293)	(60.0, 0.9162514572188477)	(61.0, 0.9162514572188477)	(62.0, 0.9162514572188477)	(63.0, 0.644172198329231)	(64.0, 0.372092939439614)	(65.0, 0.372092939439614)	(66.0, 0.24772157272563858)	(67.0, 0.12335020601166316)	(68.0, 0.12335020601166316)	(69.0, 0.12335020601166316)	(70.0, 0.07870445942380407)	(71.0, 0.03405871283594498)	(72.0, 0.03405871283594498)	(73.0, 0.020813657844188597)	(74.0, 0.007568602852432217)	(75.0, 0.007568602852432217)	(76.0, 0.007568602852432217)	(77.0, 0.00465529143701188)	(78.0, 0.0017419800215915419)	(79.0, 0.0017419800215915419)	(80.0, 0.001276450877890354)	(81.0, 0.0008109217341891661)	(82.0, 0.0008109217341891661)	(83.0, 0.0008109217341891661)	(84.0, 0.0005856656969143977)	(85.0, 0.0003604096596396294)	(86.0, 0.0003604096596396294)	(87.0, 0.0003604096596396294)	(88.0, 0.00027030724472972207)	(89.0, 0.0001802048298198147)	(90.0, 0.0001802048298198147)	(91.0, 0.0001201365532132098)	(92.0, 6.00682766066049e-05)	(93.0, 6.00682766066049e-05)	(94.0, 6.00682766066049e-05)	(95.0, 6.00682766066049e-05)	(96.0, 6.00682766066049e-05)	(97.0, 6.00682766066049e-05)	(98.0, 4.5051207454953674e-05)	(99.0, 3.003413830330245e-05)	(100.0, 3.003413830330245e-05)
SC3_v3_NextGem_DI_CRISPR_A549_5K_gex_S5_L001_R2_001	(0.0, 0.005943562043837605)	(1.0, 0.006710473275300522)	(2.0, 0.008963275017722839)	(3.0, 0.010736757240480834)	(4.0, 0.01188712408767521)	(5.0, 0.01337301459863461)	(6.0, 0.01481097315762758)	(7.0, 0.014763041205661149)	(8.0, 0.01567374829302336)	(9.0, 0.016872047092184168)	(10.0, 0.016296863668586983)	(11.0, 0.0169199790441506)	(12.0, 0.019939692018035835)	(13.0, 0.021713174240793828)	(14.0, 0.023342860607652526)	(15.0, 0.03158715634587888)	(16.0, 0.047979883918398726)	(17.0, 0.06576263809794511)	(18.0, 0.08076533906343841)	(19.0, 0.1111541966101565)	(20.0, 0.13392187379421183)	(21.0, 0.15961340004821953)	(22.0, 0.2204390470936221)	(23.0, 0.29554841582502156)	(24.0, 0.3848456423384849)	(25.0, 0.4849275580443955)	(26.0, 0.5955065712309549)	(27.0, 0.7402131342176139)	(28.0, 0.8988199632745384)	(29.0, 1.0334608163482468)	(30.0, 1.0943823272975821)	(31.0, 1.16843719308572)	(32.0, 1.324982948208088)	(33.0, 1.506405386401034)	(34.0, 1.7295286228047764)	(35.0, 1.9826572611395052)	(36.0, 2.1846904386780177)	(37.0, 2.3050955020176955)	(38.0, 2.4715152392451487)	(39.0, 2.7496643565063548)	(40.0, 2.9087025731309777)	(41.0, 3.011133154483243)	(42.0, 3.2158505213318755)	(43.0, 3.2490194320926467)	(44.0, 3.257695115398571)	(45.0, 3.320198380762799)	(46.0, 3.3818388709916305)	(47.0, 3.4761689524615695)	(48.0, 3.4384944382159532)	(49.0, 3.3895559152582266)	(50.0, 3.3956912051099297)	(51.0, 3.32944924749232)	(52.0, 3.1842633649859966)	(53.0, 3.0626120708951916)	(54.0, 2.922411111393377)	(55.0, 2.828368621635237)	(56.0, 2.6632430471108774)	(57.0, 2.4409346538905647)	(58.0, 2.3588751521240328)	(59.0, 2.2474333638020774)	(60.0, 2.164319359092284)	(61.0, 2.0970708304833794)	(62.0, 1.9009332830367383)	(63.0, 1.6590207214621546)	(64.0, 1.4310563579098026)	(65.0, 1.1696354918848808)	(66.0, 0.9429652910356227)	(67.0, 0.7402131342176139)	(68.0, 0.5549082079153866)	(69.0, 0.42587539322175094)	(70.0, 0.35958550365217506)	(71.0, 0.30834624700005897)	(72.0, 0.2191928163424949)	(73.0, 0.1613389503190111)	(74.0, 0.11891917282871851)	(75.0, 0.08929722651346336)	(76.0, 0.07319209065274211)	(77.0, 0.058524913351013834)	(78.0, 0.048075747822331594)	(79.0, 0.041221478691131776)	(80.0, 0.03911247280460875)	(81.0, 0.03422341370403266)	(82.0, 0.025308070638276253)	(83.0, 0.018885189074774326)	(84.0, 0.014763041205661149)	(85.0, 0.012414375559305964)	(86.0, 0.010928485048346563)	(87.0, 0.009059138921655704)	(88.0, 0.007764976218562032)	(89.0, 0.0064708135154683604)	(90.0, 0.005464242524173281)	(91.0, 0.006039425947770469)	(92.0, 0.0055601064281061464)	(93.0, 0.004936991052542526)	(94.0, 0.005368378620240417)	(95.0, 0.00479319519664323)	(96.0, 0.004457671532878203)	(97.0, 0.004361807628945339)	(98.0, 0.005895630091871173)	(99.0, 0.03882488109281016)	(100.0, 0.06988478596705829)
SC3_v3_NextGem_DI_CRISPR_A549_5K_gex_S5_L002_I1_001	(0.0, 0.0)	(1.0, 0.0)	(2.0, 0.0)	(3.0, 0.0)	(4.0, 0.0)	(5.0, 0.0)	(6.0, 0.0)	(7.0, 0.0)	(8.0, 0.0)	(9.0, 0.0)	(10.0, 0.0)	(11.0, 0.0)	(12.0, 0.0)	(13.0, 0.0)	(14.0, 0.0)	(15.0, 0.0)	(16.0, 0.0)	(17.0, 0.0)	(18.0, 0.0)	(19.0, 0.0)	(20.0, 0.0)	(21.0, 0.0)	(22.0, 0.0)	(23.0, 0.0)	(24.0, 0.0)	(25.0, 0.0)	(26.0, 0.0)	(27.0, 0.0)	(28.0, 0.0)	(29.0, 0.0)	(30.0, 0.0)	(31.0, 0.0)	(32.0, 0.0)	(33.0, 0.0)	(34.0, 0.0)	(35.0, 0.0)	(36.0, 0.0)	(37.0, 0.0)	(38.0, 0.0)	(39.0, 0.0)	(40.0, 0.0)	(41.0, 0.0)	(42.0, 0.0)	(43.0, 0.0)	(44.0, 0.0)	(45.0, 0.07100083648289007)	(46.0, 0.14200167296578015)	(47.0, 0.14200167296578015)	(48.0, 0.14200167296578015)	(49.0, 0.14200167296578015)	(50.0, 0.14200167296578015)	(51.0, 0.14200167296578015)	(52.0, 0.14200167296578015)	(53.0, 0.14200167296578015)	(54.0, 0.14200167296578015)	(55.0, 4.977584790146168)	(56.0, 9.813167907326555)	(57.0, 9.813167907326555)	(58.0, 9.813167907326555)	(59.0, 9.813167907326555)	(60.0, 9.813167907326555)	(61.0, 9.813167907326555)	(62.0, 9.813167907326555)	(63.0, 9.813167907326555)	(64.0, 9.813167907326555)	(65.0, 4.92899916351711)	(66.0, 0.04483041970766347)	(67.0, 0.04483041970766347)	(68.0, 0.04483041970766347)	(69.0, 0.04483041970766347)	(70.0, 0.04483041970766347)	(71.0, 0.04483041970766347)	(72.0, 0.04483041970766347)	(73.0, 0.04483041970766347)	(74.0, 0.04483041970766347)	(75.0, 0.022415209853831736)	(76.0, 0.0)	(77.0, 0.0)	(78.0, 0.0)	(79.0, 0.0)	(80.0, 0.0)	(81.0, 0.0)	(82.0, 0.0)	(83.0, 0.0)	(84.0, 0.0)	(85.0, 0.0)	(86.0, 0.0)	(87.0, 0.0)	(88.0, 0.0)	(89.0, 0.0)	(90.0, 0.0)	(91.0, 0.0)	(92.0, 0.0)	(93.0, 0.0)	(94.0, 0.0)	(95.0, 0.0)	(96.0, 0.0)	(97.0, 0.0)	(98.0, 0.0)	(99.0, 0.0)	(100.0, 0.0)
SC3_v3_NextGem_DI_CRISPR_A549_5K_gex_S5_L002_I2_001	(0.0, 0.0)	(1.0, 0.0)	(2.0, 0.0)	(3.0, 0.0)	(4.0, 0.0)	(5.0, 0.0)	(6.0, 0.0)	(7.0, 0.0)	(8.0, 0.0)	(9.0, 0.0)	(10.0, 0.0)	(11.0, 0.0)	(12.0, 0.0)	(13.0, 0.0)	(14.0, 0.0)	(15.0, 0.03932418933415751)	(16.0, 0.07864837866831502)	(17.0, 0.07864837866831502)	(18.0, 0.07864837866831502)	(19.0, 0.07864837866831502)	(20.0, 0.07864837866831502)	(21.0, 0.07864837866831502)	(22.0, 0.07864837866831502)	(23.0, 0.07864837866831502)	(24.0, 0.07864837866831502)	(25.0, 4.97423041991863)	(26.0, 9.869812461168944)	(27.0, 9.869812461168944)	(28.0, 9.869812461168944)	(29.0, 9.869812461168944)	(30.0, 9.869812461168944)	(31.0, 9.869812461168944)	(32.0, 9.869812461168944)	(33.0, 9.869812461168944)	(34.0, 9.869812461168944)	(35.0, 4.960675810665842)	(36.0, 0.051539160162739704)	(37.0, 0.051539160162739704)	(38.0, 0.051539160162739704)	(39.0, 0.051539160162739704)	(40.0, 0.051539160162739704)	(41.0, 0.051539160162739704)	(42.0, 0.051539160162739704)	(43.0, 0.051539160162739704)	(44.0, 0.051539160162739704)	(45.0, 0.025769580081369852)	(46.0, 0.0)	(47.0, 0.0)	(48.0, 0.0)	(49.0, 0.0)	(50.0, 0.0)	(51.0, 0.0)	(52.0, 0.0)	(53.0, 0.0)	(54.0, 0.0)	(55.0, 0.0)	(56.0, 0.0)	(57.0, 0.0)	(58.0, 0.0)	(59.0, 0.0)	(60.0, 0.0)	(61.0, 0.0)	(62.0, 0.0)	(63.0, 0.0)	(64.0, 0.0)	(65.0, 0.0)	(66.0, 0.0)	(67.0, 0.0)	(68.0, 0.0)	(69.0, 0.0)	(70.0, 0.0)	(71.0, 0.0)	(72.0, 0.0)	(73.0, 0.0)	(74.0, 0.0)	(75.0, 0.0)	(76.0, 0.0)	(77.0, 0.0)	(78.0, 0.0)	(79.0, 0.0)	(80.0, 0.0)	(81.0, 0.0)	(82.0, 0.0)	(83.0, 0.0)	(84.0, 0.0)	(85.0, 0.0)	(86.0, 0.0)	(87.0, 0.0)	(88.0, 0.0)	(89.0, 0.0)	(90.0, 0.0)	(91.0, 0.0)	(92.0, 0.0)	(93.0, 0.0)	(94.0, 0.0)	(95.0, 0.0)	(96.0, 0.0)	(97.0, 0.0)	(98.0, 0.0)	(99.0, 0.0)	(100.0, 0.0)
SC3_v3_NextGem_DI_CRISPR_A549_5K_gex_S5_L002_R1_001	(0.0, 2.968678218288394e-05)	(1.0, 2.968678218288394e-05)	(2.0, 5.937356436576788e-05)	(3.0, 8.906034654865181e-05)	(4.0, 8.906034654865181e-05)	(5.0, 0.0002820244307373974)	(6.0, 0.00047498851492614304)	(7.0, 0.00047498851492614304)	(8.0, 0.00047498851492614304)	(9.0, 0.0007124827723892145)	(10.0, 0.0009499770298522861)	(11.0, 0.0009499770298522861)	(12.0, 0.0009499770298522861)	(13.0, 0.0021522917082590857)	(14.0, 0.003354606386665885)	(15.0, 0.003354606386665885)	(16.0, 0.004660824802712778)	(17.0, 0.005967043218759672)	(18.0, 0.005967043218759672)	(19.0, 0.005967043218759672)	(20.0, 0.017381610968078547)	(21.0, 0.02879617871739742)	(22.0, 0.02879617871739742)	(23.0, 0.0840729671419273)	(24.0, 0.13934975556645718)	(25.0, 0.13934975556645718)	(26.0, 0.13934975556645718)	(27.0, 0.31065733215278896)	(28.0, 0.4819649087391208)	(29.0, 0.4819649087391208)	(30.0, 0.8541629403570281)	(31.0, 1.2263609719749353)	(32.0, 1.2263609719749353)	(33.0, 1.2263609719749353)	(34.0, 1.8158068756071875)	(35.0, 2.4052527792394396)	(36.0, 2.4052527792394396)	(37.0, 2.4052527792394396)	(38.0, 3.055808923995158)	(39.0, 3.706365068750877)	(40.0, 3.706365068750877)	(41.0, 4.194386081055305)	(42.0, 4.682407093359735)	(43.0, 4.682407093359735)	(44.0, 4.682407093359735)	(45.0, 4.787112374118766)	(46.0, 4.891817654877798)	(47.0, 4.891817654877798)	(48.0, 4.554249254676225)	(49.0, 4.216680854474652)	(50.0, 4.216680854474652)	(51.0, 4.216680854474652)	(52.0, 3.6324152943333123)	(53.0, 3.048149734191974)	(54.0, 3.048149734191974)	(55.0, 2.4434299811266285)	(56.0, 1.8387102280612824)	(57.0, 1.8387102280612824)	(58.0, 1.8387102280612824)	(59.0, 1.3784908872711241)	(60.0, 0.9182715464809659)	(61.0, 0.9182715464809659)	(62.0, 0.9182715464809659)	(63.0, 0.6475429363641559)	(64.0, 0.37681432624734584)	(65.0, 0.37681432624734584)	(66.0, 0.25101658674737515)	(67.0, 0.12521884724740445)	(68.0, 0.12521884724740445)	(69.0, 0.12521884724740445)	(70.0, 0.08002072137396365)	(71.0, 0.03482259550052286)	(72.0, 0.03482259550052286)	(73.0, 0.021508073691499412)	(74.0, 0.008193551882475966)	(75.0, 0.008193551882475966)	(76.0, 0.008193551882475966)	(77.0, 0.005076439753273153)	(78.0, 0.00195932762407034)	(79.0, 0.00195932762407034)	(80.0, 0.0013952787625955449)	(81.0, 0.0008312299011207502)	(82.0, 0.0008312299011207502)	(83.0, 0.0008312299011207502)	(84.0, 0.0006827959902063306)	(85.0, 0.0005343620792919109)	(86.0, 0.0005343620792919109)	(87.0, 0.0005343620792919109)	(88.0, 0.00031171121292028134)	(89.0, 8.906034654865181e-05)	(90.0, 8.906034654865181e-05)	(91.0, 8.906034654865181e-05)	(92.0, 8.906034654865181e-05)	(93.0, 8.906034654865181e-05)	(94.0, 8.906034654865181e-05)	(95.0, 5.937356436576788e-05)	(96.0, 2.968678218288394e-05)	(97.0, 2.968678218288394e-05)	(98.0, 1.484339109144197e-05)	(99.0, 0.0)	(100.0, 0.0)
SC3_v3_NextGem_DI_CRISPR_A549_5K_gex_S5_L002_R2_001	(0.0, 0.005119284058644243)	(1.0, 0.005498490285210484)	(2.0, 0.007631525309645584)	(3.0, 0.010617774343854726)	(4.0, 0.011660591466911887)	(5.0, 0.012229400806761248)	(6.0, 0.013651424156384647)	(7.0, 0.015026046727687268)	(8.0, 0.015500054510895069)	(9.0, 0.015974062294102868)	(10.0, 0.01668507396891457)	(11.0, 0.01782269264861329)	(12.0, 0.02009793000801073)	(13.0, 0.022752373593974414)	(14.0, 0.025928225741466672)	(15.0, 0.0320429261448473)	(16.0, 0.04924940867529044)	(17.0, 0.06418065384633616)	(18.0, 0.07840088734257017)	(19.0, 0.11191323761536164)	(20.0, 0.133385790194675)	(21.0, 0.154716140439026)	(22.0, 0.21145487208899968)	(23.0, 0.2873909189588893)	(24.0, 0.37607777519706875)	(25.0, 0.47656742523712237)	(26.0, 0.5871534410595022)	(27.0, 0.741916982276849)	(28.0, 0.9049282589220115)	(29.0, 1.0373660335502708)	(30.0, 1.103300516194476)	(31.0, 1.171984243981286)	(32.0, 1.31319116259889)	(33.0, 1.4904226727402863)	(34.0, 1.71486535808918)	(35.0, 1.9845283859560974)	(36.0, 2.1789189778496163)	(37.0, 2.3093185190100822)	(38.0, 2.4749842392412083)	(39.0, 2.706679243673181)	(40.0, 2.858646138969602)	(41.0, 2.9949233766418444)	(42.0, 3.230647447231084)	(43.0, 3.2341077040485007)	(44.0, 3.226902785743742)	(45.0, 3.314546824858864)	(46.0, 3.3722809728535745)	(47.0, 3.4658501092587937)	(48.0, 3.449307237624842)	(49.0, 3.4053193153431582)	(50.0, 3.4125716344262376)	(51.0, 3.3431294941862943)	(52.0, 3.2020173771253324)	(53.0, 3.0774007309200013)	(54.0, 2.916664691634237)	(55.0, 2.8211047225395443)	(56.0, 2.6842112747491313)	(57.0, 2.4521370640905924)	(58.0, 2.364113818748904)	(59.0, 2.262581351585793)	(60.0, 2.1661207677030054)	(61.0, 2.106158783127219)	(62.0, 1.9085449383078872)	(63.0, 1.6591694435622633)	(64.0, 1.4421686804097322)	(65.0, 1.18923812729005)	(66.0, 0.9605767726706074)	(67.0, 0.75656382277797)	(68.0, 0.5582863670621472)	(69.0, 0.4188332772424123)	(70.0, 0.35465262339607617)	(71.0, 0.30777325363682473)	(72.0, 0.22534330013698825)	(73.0, 0.1649547085563145)	(74.0, 0.1229102181857826)	(75.0, 0.09295292628704963)	(76.0, 0.07176477837766096)	(77.0, 0.05891916745272958)	(78.0, 0.050339626576668385)	(79.0, 0.041854887257248764)	(80.0, 0.03754141643005778)	(81.0, 0.03517137751401878)	(82.0, 0.027539852204373196)	(83.0, 0.01995572767304839)	(84.0, 0.01763308953533017)	(85.0, 0.015357852175932728)	(86.0, 0.011233984462024867)	(87.0, 0.009195750994231327)	(88.0, 0.0072997198614001245)	(89.0, 0.005782894955135163)	(90.0, 0.005972498068418284)	(91.0, 0.005356287950248143)	(92.0, 0.004882280167040343)	(93.0, 0.0047400778320780025)	(94.0, 0.004787478610398783)	(95.0, 0.005071883280323463)	(96.0, 0.004977081723681903)	(97.0, 0.004597875497115663)	(98.0, 0.006541307408267644)	(99.0, 0.039484848341209765)	(100.0, 0.07015315191475444)
SC3_v3_NextGem_DI_CRISPR_A549_5K_gex_S5_L003_I1_001	(0.0, 0.0)	(1.0, 0.0)	(2.0, 0.0)	(3.0, 0.0)	(4.0, 0.0)	(5.0, 0.0)	(6.0, 0.0)	(7.0, 0.0)	(8.0, 0.0)	(9.0, 0.0)	(10.0, 0.0)	(11.0, 0.0)	(12.0, 0.0)	(13.0, 0.0)	(14.0, 0.0)	(15.0, 0.0)	(16.0, 0.0)	(17.0, 0.0)	(18.0, 0.0)	(19.0, 0.0)	(20.0, 0.0)	(21.0, 0.0)	(22.0, 0.0)	(23.0, 0.0)	(24.0, 0.0)	(25.0, 0.0)	(26.0, 0.0)	(27.0, 0.0)	(28.0, 0.0)	(29.0, 0.0)	(30.0, 0.0)	(31.0, 0.0)	(32.0, 0.0)	(33.0, 0.0)	(34.0, 0.0)	(35.0, 0.0)	(36.0, 0.0)	(37.0, 0.0)	(38.0, 0.0)	(39.0, 0.0)	(40.0, 0.0)	(41.0, 0.0)	(42.0, 0.0)	(43.0, 0.0)	(44.0, 0.0)	(45.0, 0.0747974894390505)	(46.0, 0.149594978878101)	(47.0, 0.149594978878101)	(48.0, 0.149594978878101)	(49.0, 0.149594978878101)	(50.0, 0.149594978878101)	(51.0, 0.149594978878101)	(52.0, 0.149594978878101)	(53.0, 0.149594978878101)	(54.0, 0.149594978878101)	(55.0, 4.97707835897306)	(56.0, 9.804561739068019)	(57.0, 9.804561739068019)	(58.0, 9.804561739068019)	(59.0, 9.804561739068019)	(60.0, 9.804561739068019)	(61.0, 9.804561739068019)	(62.0, 9.804561739068019)	(63.0, 9.804561739068019)	(64.0, 9.804561739068019)	(65.0, 4.92520251056095)	(66.0, 0.04584328205388037)	(67.0, 0.04584328205388037)	(68.0, 0.04584328205388037)	(69.0, 0.04584328205388037)	(70.0, 0.04584328205388037)	(71.0, 0.04584328205388037)	(72.0, 0.04584328205388037)	(73.0, 0.04584328205388037)	(74.0, 0.04584328205388037)	(75.0, 0.022921641026940186)	(76.0, 0.0)	(77.0, 0.0)	(78.0, 0.0)	(79.0, 0.0)	(80.0, 0.0)	(81.0, 0.0)	(82.0, 0.0)	(83.0, 0.0)	(84.0, 0.0)	(85.0, 0.0)	(86.0, 0.0)	(87.0, 0.0)	(88.0, 0.0)	(89.0, 0.0)	(90.0, 0.0)	(91.0, 0.0)	(92.0, 0.0)	(93.0, 0.0)	(94.0, 0.0)	(95.0, 0.0)	(96.0, 0.0)	(97.0, 0.0)	(98.0, 0.0)	(99.0, 0.0)	(100.0, 0.0)
SC3_v3_NextGem_DI_CRISPR_A549_5K_gex_S5_L003_I2_001	(0.0, 0.0)	(1.0, 0.0)	(2.0, 0.0)	(3.0, 0.0)	(4.0, 0.0)	(5.0, 0.0)	(6.0, 0.0)	(7.0, 0.0)	(8.0, 0.0)	(9.0, 0.0)	(10.0, 0.0)	(11.0, 0.0)	(12.0, 0.0)	(13.0, 0.0)	(14.0, 0.0)	(15.0, 0.0397790486806466)	(16.0, 0.0795580973612932)	(17.0, 0.0795580973612932)	(18.0, 0.0795580973612932)	(19.0, 0.0795580973612932)	(20.0, 0.0795580973612932)	(21.0, 0.0795580973612932)	(22.0, 0.0795580973612932)	(23.0, 0.0795580973612932)	(24.0, 0.0795580973612932)	(25.0, 4.976371128971308)	(26.0, 9.873184160581323)	(27.0, 9.873184160581323)	(28.0, 9.873184160581323)	(29.0, 9.873184160581323)	(30.0, 9.873184160581323)	(31.0, 9.873184160581323)	(32.0, 9.873184160581323)	(33.0, 9.873184160581323)	(34.0, 9.873184160581323)	(35.0, 4.960220951319353)	(36.0, 0.04725774205738485)	(37.0, 0.04725774205738485)	(38.0, 0.04725774205738485)	(39.0, 0.04725774205738485)	(40.0, 0.04725774205738485)	(41.0, 0.04725774205738485)	(42.0, 0.04725774205738485)	(43.0, 0.04725774205738485)	(44.0, 0.04725774205738485)	(45.0, 0.023628871028692426)	(46.0, 0.0)	(47.0, 0.0)	(48.0, 0.0)	(49.0, 0.0)	(50.0, 0.0)	(51.0, 0.0)	(52.0, 0.0)	(53.0, 0.0)	(54.0, 0.0)	(55.0, 0.0)	(56.0, 0.0)	(57.0, 0.0)	(58.0, 0.0)	(59.0, 0.0)	(60.0, 0.0)	(61.0, 0.0)	(62.0, 0.0)	(63.0, 0.0)	(64.0, 0.0)	(65.0, 0.0)	(66.0, 0.0)	(67.0, 0.0)	(68.0, 0.0)	(69.0, 0.0)	(70.0, 0.0)	(71.0, 0.0)	(72.0, 0.0)	(73.0, 0.0)	(74.0, 0.0)	(75.0, 0.0)	(76.0, 0.0)	(77.0, 0.0)	(78.0, 0.0)	(79.0, 0.0)	(80.0, 0.0)	(81.0, 0.0)	(82.0, 0.0)	(83.0, 0.0)	(84.0, 0.0)	(85.0, 0.0)	(86.0, 0.0)	(87.0, 0.0)	(88.0, 0.0)	(89.0, 0.0)	(90.0, 0.0)	(91.0, 0.0)	(92.0, 0.0)	(93.0, 0.0)	(94.0, 0.0)	(95.0, 0.0)	(96.0, 0.0)	(97.0, 0.0)	(98.0, 0.0)	(99.0, 0.0)	(100.0, 0.0)
SC3_v3_NextGem_DI_CRISPR_A549_5K_gex_S5_L003_R1_001	(0.0, 5.941175824048513e-05)	(1.0, 5.941175824048513e-05)	(2.0, 0.00017823527472145539)	(3.0, 0.0002970587912024257)	(4.0, 0.0002970587912024257)	(5.0, 0.00031191173076254694)	(6.0, 0.00032676467032266825)	(7.0, 0.00032676467032266825)	(8.0, 0.00032676467032266825)	(9.0, 0.0008317646153667918)	(10.0, 0.0013367645604109154)	(11.0, 0.0013367645604109154)	(12.0, 0.0013367645604109154)	(13.0, 0.0018120586263347966)	(14.0, 0.0022873526922586778)	(15.0, 0.0022873526922586778)	(16.0, 0.0042924995328750505)	(17.0, 0.006297646373491424)	(18.0, 0.006297646373491424)	(19.0, 0.006297646373491424)	(20.0, 0.01751161574138299)	(21.0, 0.028725585109274563)	(22.0, 0.028725585109274563)	(23.0, 0.0854192554102575)	(24.0, 0.14211292571124046)	(25.0, 0.14211292571124046)	(26.0, 0.14211292571124046)	(27.0, 0.31225334837242974)	(28.0, 0.482393771033619)	(29.0, 0.482393771033619)	(30.0, 0.8547272599267395)	(31.0, 1.2270607488198597)	(32.0, 1.2270607488198597)	(33.0, 1.2270607488198597)	(34.0, 1.8167967140544754)	(35.0, 2.4065326792890906)	(36.0, 2.4065326792890906)	(37.0, 2.4065326792890906)	(38.0, 3.0588589318300574)	(39.0, 3.711185184371024)	(40.0, 3.711185184371024)	(41.0, 4.1909054262838215)	(42.0, 4.670625668196618)	(43.0, 4.670625668196618)	(44.0, 4.670625668196618)	(45.0, 4.777150950721809)	(46.0, 4.883676233246998)	(47.0, 4.883676233246998)	(48.0, 4.5636102386659445)	(49.0, 4.243544244084891)	(50.0, 4.243544244084891)	(51.0, 4.243544244084891)	(52.0, 3.647703720691066)	(53.0, 3.0518631972972403)	(54.0, 3.0518631972972403)	(55.0, 2.4423431165685434)	(56.0, 1.832823035839846)	(57.0, 1.832823035839846)	(58.0, 1.832823035839846)	(59.0, 1.3694410274431823)	(60.0, 0.9060590190465185)	(61.0, 0.9060590190465185)	(62.0, 0.9060590190465185)	(63.0, 0.638899195178617)	(64.0, 0.3717393713107155)	(65.0, 0.3717393713107155)	(66.0, 0.24987100221992034)	(67.0, 0.12800263312912522)	(68.0, 0.12800263312912522)	(69.0, 0.12800263312912522)	(70.0, 0.08097822648178123)	(71.0, 0.03395381983443725)	(72.0, 0.03395381983443725)	(73.0, 0.02080896832372992)	(74.0, 0.007664116813022582)	(75.0, 0.007664116813022582)	(76.0, 0.007664116813022582)	(77.0, 0.004886617115279902)	(78.0, 0.0021091174175372224)	(79.0, 0.0021091174175372224)	(80.0, 0.001470441016452007)	(81.0, 0.0008317646153667918)	(82.0, 0.0008317646153667918)	(83.0, 0.0008317646153667918)	(84.0, 0.0006683822802054577)	(85.0, 0.0005049999450441237)	(86.0, 0.0005049999450441237)	(87.0, 0.0005049999450441237)	(88.0, 0.0002970587912024257)	(89.0, 8.911763736072769e-05)	(90.0, 8.911763736072769e-05)	(91.0, 4.4558818680363847e-05)	(92.0, 0.0)	(93.0, 0.0)	(94.0, 0.0)	(95.0, 0.0)	(96.0, 0.0)	(97.0, 0.0)	(98.0, 0.0)	(99.0, 0.0)	(100.0, 0.0)
SC3_v3_NextGem_DI_CRISPR_A549_5K_gex_S5_L003_R2_001	(0.0, 0.00625911305522956)	(1.0, 0.007112628471851773)	(2.0, 0.008961911874533234)	(3.0, 0.010242184999466553)	(4.0, 0.011522458124399873)	(5.0, 0.012755313726187514)	(6.0, 0.013703664189101083)	(7.0, 0.015458112545491186)	(8.0, 0.01541069502234551)	(9.0, 0.016406463008404756)	(10.0, 0.01849283402681461)	(11.0, 0.018208328887940536)	(12.0, 0.01915667935085411)	(13.0, 0.024040684234858993)	(14.0, 0.027502163424493523)	(15.0, 0.03101106013727373)	(16.0, 0.047749445807698236)	(17.0, 0.06572068707991038)	(18.0, 0.08236423770404352)	(19.0, 0.11024574131370249)	(20.0, 0.12641511670637884)	(21.0, 0.15282667709852177)	(22.0, 0.21048638524366678)	(23.0, 0.2864966748461894)	(24.0, 0.374456180281423)	(25.0, 0.4748390767808243)	(26.0, 0.5903007456405515)	(27.0, 0.7266735422075228)	(28.0, 0.8904536671526964)	(29.0, 1.0394869423995639)	(30.0, 1.10283675332219)	(31.0, 1.1631044252403475)	(32.0, 1.3188709887739014)	(33.0, 1.4972557108479438)	(34.0, 1.7151392297023365)	(35.0, 1.98129378711903)	(36.0, 2.1429875410457937)	(37.0, 2.2763256161314414)	(38.0, 2.47822942968574)	(39.0, 2.7250850551821424)	(40.0, 2.872838057304077)	(41.0, 2.9974987256540655)	(42.0, 3.2104508221013073)	(43.0, 3.2215939400405422)	(44.0, 3.2340173311047096)	(45.0, 3.3216923314010693)	(46.0, 3.35460009246417)	(47.0, 3.4392403712792063)	(48.0, 3.4418483350522187)	(49.0, 3.4083715637113694)	(50.0, 3.422122645423616)	(51.0, 3.3631826641535376)	(52.0, 3.2192230638832577)	(53.0, 3.077918844909136)	(54.0, 2.9480422490131226)	(55.0, 2.8398354611946846)	(56.0, 2.6537216828478964)	(57.0, 2.4453690861457855)	(58.0, 2.3784155434640875)	(59.0, 2.271915786478893)	(60.0, 2.175515961923729)	(61.0, 2.113873181834347)	(62.0, 1.9205045224462698)	(63.0, 1.6757826854914233)	(64.0, 1.453726424600211)	(65.0, 1.1852009910262338)	(66.0, 0.949630736038503)	(67.0, 0.750097798641488)	(68.0, 0.5576774897163247)	(69.0, 0.42192112095024714)	(70.0, 0.3551572483611319)	(71.0, 0.3112012044050879)	(72.0, 0.2318716881823678)	(73.0, 0.1633533672368624)	(74.0, 0.11702644712353451)	(75.0, 0.09232191756463602)	(76.0, 0.07264364545917945)	(77.0, 0.06012541934872032)	(78.0, 0.0506893322427303)	(79.0, 0.04329219863200446)	(80.0, 0.04096873999786621)	(81.0, 0.035468307312967504)	(82.0, 0.02683831810045402)	(83.0, 0.020531787522078786)	(84.0, 0.016406463008404756)	(85.0, 0.014794267221451688)	(86.0, 0.011759545740128266)	(87.0, 0.008203231504202378)	(88.0, 0.0074919686570172)	(89.0, 0.006733288286686345)	(90.0, 0.005500432684898704)	(91.0, 0.005500432684898704)	(92.0, 0.005215927546024634)	(93.0, 0.004646917268276492)	(94.0, 0.004504664698839456)	(95.0, 0.0040779069905283495)	(96.0, 0.0038882368979456356)	(97.0, 0.00469433479142217)	(98.0, 0.006543618194103631)	(99.0, 0.03826594117856254)	(100.0, 0.06856573846865109)
SC3_v3_NextGem_DI_CRISPR_A549_5K_gex_S5_L004_I1_001	(0.0, 0.0)	(1.0, 0.0)	(2.0, 0.0)	(3.0, 0.0)	(4.0, 0.0)	(5.0, 0.0)	(6.0, 0.0)	(7.0, 0.0)	(8.0, 0.0)	(9.0, 0.0)	(10.0, 0.0)	(11.0, 0.0)	(12.0, 0.0)	(13.0, 0.0)	(14.0, 0.0)	(15.0, 0.0)	(16.0, 0.0)	(17.0, 0.0)	(18.0, 0.0)	(19.0, 0.0)	(20.0, 0.0)	(21.0, 0.0)	(22.0, 0.0)	(23.0, 0.0)	(24.0, 0.0)	(25.0, 0.0)	(26.0, 0.0)	(27.0, 0.0)	(28.0, 0.0)	(29.0, 0.0)	(30.0, 0.0)	(31.0, 0.0)	(32.0, 0.0)	(33.0, 0.0)	(34.0, 0.0)	(35.0, 0.0)	(36.0, 0.0)	(37.0, 0.0)	(38.0, 0.0)	(39.0, 0.0)	(40.0, 0.0)	(41.0, 0.0)	(42.0, 0.0)	(43.0, 0.0)	(44.0, 0.0)	(45.0, 0.07589941282352616)	(46.0, 0.15179882564705233)	(47.0, 0.15179882564705233)	(48.0, 0.15179882564705233)	(49.0, 0.15179882564705233)	(50.0, 0.15179882564705233)	(51.0, 0.15179882564705233)	(52.0, 0.15179882564705233)	(53.0, 0.15179882564705233)	(54.0, 0.15179882564705233)	(55.0, 4.976182481612217)	(56.0, 9.800566137577382)	(57.0, 9.800566137577382)	(58.0, 9.800566137577382)	(59.0, 9.800566137577382)	(60.0, 9.800566137577382)	(61.0, 9.800566137577382)	(62.0, 9.800566137577382)	(63.0, 9.800566137577382)	(64.0, 9.800566137577382)	(65.0, 4.924100587176474)	(66.0, 0.04763503677556598)	(67.0, 0.04763503677556598)	(68.0, 0.04763503677556598)	(69.0, 0.04763503677556598)	(70.0, 0.04763503677556598)	(71.0, 0.04763503677556598)	(72.0, 0.04763503677556598)	(73.0, 0.04763503677556598)	(74.0, 0.04763503677556598)	(75.0, 0.02381751838778299)	(76.0, 0.0)	(77.0, 0.0)	(78.0, 0.0)	(79.0, 0.0)	(80.0, 0.0)	(81.0, 0.0)	(82.0, 0.0)	(83.0, 0.0)	(84.0, 0.0)	(85.0, 0.0)	(86.0, 0.0)	(87.0, 0.0)	(88.0, 0.0)	(89.0, 0.0)	(90.0, 0.0)	(91.0, 0.0)	(92.0, 0.0)	(93.0, 0.0)	(94.0, 0.0)	(95.0, 0.0)	(96.0, 0.0)	(97.0, 0.0)	(98.0, 0.0)	(99.0, 0.0)	(100.0, 0.0)
SC3_v3_NextGem_DI_CRISPR_A549_5K_gex_S5_L004_I2_001	(0.0, 0.0)	(1.0, 0.0)	(2.0, 0.0)	(3.0, 0.0)	(4.0, 0.0)	(5.0, 0.0)	(6.0, 0.0)	(7.0, 0.0)	(8.0, 0.0)	(9.0, 0.0)	(10.0, 0.0)	(11.0, 0.0)	(12.0, 0.0)	(13.0, 0.0)	(14.0, 0.0)	(15.0, 0.040165165962890784)	(16.0, 0.08033033192578157)	(17.0, 0.08033033192578157)	(18.0, 0.08033033192578157)	(19.0, 0.08033033192578157)	(20.0, 0.08033033192578157)	(21.0, 0.08033033192578157)	(22.0, 0.08033033192578157)	(23.0, 0.08033033192578157)	(24.0, 0.08033033192578157)	(25.0, 4.973834200745075)	(26.0, 9.867338069564367)	(27.0, 9.867338069564367)	(28.0, 9.867338069564367)	(29.0, 9.867338069564367)	(30.0, 9.867338069564367)	(31.0, 9.867338069564367)	(32.0, 9.867338069564367)	(33.0, 9.867338069564367)	(34.0, 9.867338069564367)	(35.0, 4.9598348340371095)	(36.0, 0.05233159850985109)	(37.0, 0.05233159850985109)	(38.0, 0.05233159850985109)	(39.0, 0.05233159850985109)	(40.0, 0.05233159850985109)	(41.0, 0.05233159850985109)	(42.0, 0.05233159850985109)	(43.0, 0.05233159850985109)	(44.0, 0.05233159850985109)	(45.0, 0.026165799254925546)	(46.0, 0.0)	(47.0, 0.0)	(48.0, 0.0)	(49.0, 0.0)	(50.0, 0.0)	(51.0, 0.0)	(52.0, 0.0)	(53.0, 0.0)	(54.0, 0.0)	(55.0, 0.0)	(56.0, 0.0)	(57.0, 0.0)	(58.0, 0.0)	(59.0, 0.0)	(60.0, 0.0)	(61.0, 0.0)	(62.0, 0.0)	(63.0, 0.0)	(64.0, 0.0)	(65.0, 0.0)	(66.0, 0.0)	(67.0, 0.0)	(68.0, 0.0)	(69.0, 0.0)	(70.0, 0.0)	(71.0, 0.0)	(72.0, 0.0)	(73.0, 0.0)	(74.0, 0.0)	(75.0, 0.0)	(76.0, 0.0)	(77.0, 0.0)	(78.0, 0.0)	(79.0, 0.0)	(80.0, 0.0)	(81.0, 0.0)	(82.0, 0.0)	(83.0, 0.0)	(84.0, 0.0)	(85.0, 0.0)	(86.0, 0.0)	(87.0, 0.0)	(88.0, 0.0)	(89.0, 0.0)	(90.0, 0.0)	(91.0, 0.0)	(92.0, 0.0)	(93.0, 0.0)	(94.0, 0.0)	(95.0, 0.0)	(96.0, 0.0)	(97.0, 0.0)	(98.0, 0.0)	(99.0, 0.0)	(100.0, 0.0)
SC3_v3_NextGem_DI_CRISPR_A549_5K_gex_S5_L004_R1_001	(0.0, 5.981757434352455e-05)	(1.0, 5.981757434352455e-05)	(2.0, 0.00014954393585881137)	(3.0, 0.0002392702973740982)	(4.0, 0.0002392702973740982)	(5.0, 0.00040376862681879076)	(6.0, 0.0005682669562634833)	(7.0, 0.0005682669562634833)	(8.0, 0.0005682669562634833)	(9.0, 0.0009122180087387494)	(10.0, 0.0012561690612140157)	(11.0, 0.0012561690612140157)	(12.0, 0.0012561690612140157)	(13.0, 0.0018992079854069047)	(14.0, 0.0025422469095997937)	(15.0, 0.0025422469095997937)	(16.0, 0.00487513230899725)	(17.0, 0.007208017708394709)	(18.0, 0.007208017708394709)	(19.0, 0.007208017708394709)	(20.0, 0.01917153257709962)	(21.0, 0.031135047445804528)	(22.0, 0.031135047445804528)	(23.0, 0.08583821918295774)	(24.0, 0.14054139092011095)	(25.0, 0.14054139092011095)	(26.0, 0.14054139092011095)	(27.0, 0.3114402008195606)	(28.0, 0.48233901071901025)	(29.0, 0.48233901071901025)	(30.0, 0.8560044432494222)	(31.0, 1.2296698757798343)	(32.0, 1.2296698757798343)	(33.0, 1.2296698757798343)	(34.0, 1.8225069007049202)	(35.0, 2.4153439256300064)	(36.0, 2.4153439256300064)	(37.0, 2.4153439256300064)	(38.0, 3.0765075748489834)	(39.0, 3.73767122406796)	(40.0, 3.73767122406796)	(41.0, 4.2084056253643265)	(42.0, 4.679140026660693)	(43.0, 4.679140026660693)	(44.0, 4.679140026660693)	(45.0, 4.773412523826088)	(46.0, 4.867685020991482)	(47.0, 4.867685020991482)	(48.0, 4.5306129895657214)	(49.0, 4.193540958139961)	(50.0, 4.193540958139961)	(51.0, 4.193540958139961)	(52.0, 3.6193819708036403)	(53.0, 3.0452229834673195)	(54.0, 3.0452229834673195)	(55.0, 2.440811257906762)	(56.0, 1.836399532346204)	(57.0, 1.836399532346204)	(58.0, 1.836399532346204)	(59.0, 1.3790044501284433)	(60.0, 0.9216093679106828)	(61.0, 0.9216093679106828)	(62.0, 0.9216093679106828)	(63.0, 0.6534172733414905)	(64.0, 0.3852251787722981)	(65.0, 0.3852251787722981)	(66.0, 0.2543144173214946)	(67.0, 0.12340365587069115)	(68.0, 0.12340365587069115)	(69.0, 0.12340365587069115)	(70.0, 0.07970691781274647)	(71.0, 0.03601017975480178)	(72.0, 0.03601017975480178)	(73.0, 0.021713779486699412)	(74.0, 0.007417379218597045)	(75.0, 0.007417379218597045)	(76.0, 0.007417379218597045)	(77.0, 0.0047106339795525585)	(78.0, 0.0020038887405080725)	(79.0, 0.0020038887405080725)	(80.0, 0.0013458954227293025)	(81.0, 0.0006879021049505324)	(82.0, 0.0006879021049505324)	(83.0, 0.0006879021049505324)	(84.0, 0.0005832213498493644)	(85.0, 0.0004785405947481964)	(86.0, 0.0004785405947481964)	(87.0, 0.0004785405947481964)	(88.0, 0.00029908787171762275)	(89.0, 0.0001196351486870491)	(90.0, 0.0001196351486870491)	(91.0, 7.477196792940569e-05)	(92.0, 2.9908787171762275e-05)	(93.0, 2.9908787171762275e-05)	(94.0, 2.9908787171762275e-05)	(95.0, 2.9908787171762275e-05)	(96.0, 2.9908787171762275e-05)	(97.0, 2.9908787171762275e-05)	(98.0, 1.4954393585881137e-05)	(99.0, 0.0)	(100.0, 0.0)
SC3_v3_NextGem_DI_CRISPR_A549_5K_gex_S5_L004_R2_001	(0.0, 0.006971775768590527)	(1.0, 0.0071150314350684135)	(2.0, 0.009502625876366539)	(3.0, 0.010982934429971378)	(4.0, 0.011126190096449265)	(5.0, 0.012893009983009877)	(6.0, 0.013179521315965653)	(7.0, 0.013370528871269502)	(8.0, 0.01504184498017819)	(9.0, 0.01676091297791284)	(10.0, 0.017572695087954202)	(11.0, 0.017429439421476317)	(12.0, 0.019339514974514818)	(13.0, 0.02335067363589567)	(14.0, 0.026454546409583234)	(15.0, 0.03041795318213812)	(16.0, 0.044600264163448984)	(17.0, 0.06312799702792243)	(18.0, 0.07941139111757566)	(19.0, 0.10744174985841565)	(20.0, 0.1263514978334968)	(21.0, 0.15653069157150512)	(22.0, 0.21536101860509094)	(23.0, 0.2881348971758578)	(24.0, 0.3814420879417886)	(25.0, 0.4767071061495837)	(26.0, 0.5837190890085657)	(27.0, 0.7283595602624062)	(28.0, 0.8897131926053335)	(29.0, 1.030342505197793)	(30.0, 1.0933272465592376)	(31.0, 1.1690139903483883)	(32.0, 1.3234435988115512)	(33.0, 1.5037069791295594)	(34.0, 1.7313402331629226)	(35.0, 1.985953304382955)	(36.0, 2.173140708580728)	(37.0, 2.3123374645084085)	(38.0, 2.477654503623891)	(39.0, 2.7252957990753326)	(40.0, 2.888129739971865)	(41.0, 3.010899846143414)	(42.0, 3.2213424201994307)	(43.0, 3.2158509529844457)	(44.0, 3.229937760188104)	(45.0, 3.3351829231605254)	(46.0, 3.39071836986512)	(47.0, 3.483357034187487)	(48.0, 3.4590990746638983)	(49.0, 3.4064764931776876)	(50.0, 3.4132095095021486)	(51.0, 3.3497950011412705)	(52.0, 3.2098819668811998)	(53.0, 3.0731683091724693)	(54.0, 2.913533744827277)	(55.0, 2.8347908801532644)	(56.0, 2.6742012780315525)	(57.0, 2.426225719358329)	(58.0, 2.356460209783598)	(59.0, 2.248493189148097)	(60.0, 2.143582289397457)	(61.0, 2.1088189143321565)	(62.0, 1.9282690226811923)	(63.0, 1.663341543474752)	(64.0, 1.4326999204453532)	(65.0, 1.1746487132298518)	(66.0, 0.945057631754624)	(67.0, 0.7429716382431507)	(68.0, 0.5571690388213306)	(69.0, 0.42365475766393934)	(70.0, 0.3568976170852438)	(71.0, 0.3119630897000131)	(72.0, 0.22701247947862577)	(73.0, 0.15953906056754075)	(74.0, 0.11703987951243412)	(75.0, 0.09053758121402491)	(76.0, 0.07267837479311495)	(77.0, 0.061504432807839717)	(78.0, 0.05090351348847604)	(79.0, 0.040063834724982546)	(80.0, 0.035049886398256486)	(81.0, 0.032375780624002586)	(82.0, 0.02430571141241492)	(83.0, 0.018193469642691716)	(84.0, 0.016187890312001293)	(85.0, 0.013179521315965653)	(86.0, 0.010123400431104053)	(87.0, 0.008261076766891515)	(88.0, 0.006733016324460714)	(89.0, 0.0057302266591155015)	(90.0, 0.0057302266591155015)	(91.0, 0.005157203993203951)	(92.0, 0.004679685104944326)	(93.0, 0.004775188882596251)	(94.0, 0.005252707770855876)	(95.0, 0.005873482325593388)	(96.0, 0.005157203993203951)	(97.0, 0.0051094521043779885)	(98.0, 0.006924023879764565)	(99.0, 0.040684609279720056)	(100.0, 0.07344240501433033)
